Selection	View	Channel	Begin Time (s)	End Time (s)	Low Freq (Hz)	High Freq (Hz)	Begin File	Valid
1	Waveform 1	1	0.000000000	3.000000000	0.000	24000.000	0.100_13_ELDON2_20250512_191500_2271.00s_2274.00s.wav	1
1	Spectrogram 1	1	0.000000000	3.000000000	0.000	24000.000	0.100_13_ELDON2_20250512_191500_2271.00s_2274.00s.wav	1
2	Waveform 1	1	3.000000000	6.000000000	0.000	24000.000	0.100_8_ELDON9_20250511_191400_1410.0s_1413.0s.wav	0
2	Spectrogram 1	1	3.000000000	6.000000000	0.000	24000.000	0.100_8_ELDON9_20250511_191400_1410.0s_1413.0s.wav	0
3	Waveform 1	1	6.000000000	9.000000000	0.000	24000.000	0.101_13_ELDON10_20250509_060602_1122.0s_1125.0s.wav	0
3	Spectrogram 1	1	6.000000000	9.000000000	0.000	24000.000	0.101_13_ELDON10_20250509_060602_1122.0s_1125.0s.wav	0
4	Waveform 1	1	9.000000000	12.000000000	0.000	24000.000	0.101_18_ELDON2_20250508_050800_3120.00s_3123.00s.wav	0
4	Spectrogram 1	1	9.000000000	12.000000000	0.000	24000.000	0.101_18_ELDON2_20250508_050800_3120.00s_3123.00s.wav	0
5	Waveform 1	1	12.000000000	15.000000000	0.000	24000.000	0.101_29_ELDON5_20250511_191400_972.0s_975.0s.wav	0
5	Spectrogram 1	1	12.000000000	15.000000000	0.000	24000.000	0.101_29_ELDON5_20250511_191400_972.0s_975.0s.wav	0
6	Waveform 1	1	15.000000000	18.000000000	0.000	24000.000	0.101_44_ELDON3_20250511_191400_726.00s_729.00s.wav	0
6	Spectrogram 1	1	15.000000000	18.000000000	0.000	24000.000	0.101_44_ELDON3_20250511_191400_726.00s_729.00s.wav	0
7	Waveform 1	1	18.000000000	21.000000000	0.000	24000.000	0.102_10_ELDON8_20250511_191400_1413.0s_1416.0s.wav	0
7	Spectrogram 1	1	18.000000000	21.000000000	0.000	24000.000	0.102_10_ELDON8_20250511_191400_1413.0s_1416.0s.wav	0
8	Waveform 1	1	21.000000000	24.000000000	0.000	24000.000	0.102_11_ELDON9_20250511_060402_2715.0s_2718.0s.wav	0
8	Spectrogram 1	1	21.000000000	24.000000000	0.000	24000.000	0.102_11_ELDON9_20250511_060402_2715.0s_2718.0s.wav	0
9	Waveform 1	1	24.000000000	27.000000000	0.000	24000.000	0.102_12_ELDON7_20250509_060602_1572.0s_1575.0s.wav	0
9	Spectrogram 1	1	24.000000000	27.000000000	0.000	24000.000	0.102_12_ELDON7_20250509_060602_1572.0s_1575.0s.wav	0
10	Waveform 1	1	27.000000000	30.000000000	0.000	24000.000	0.102_14_ELDON10_20250514_050200_3507.0s_3510.0s.wav	1
10	Spectrogram 1	1	27.000000000	30.000000000	0.000	24000.000	0.102_14_ELDON10_20250514_050200_3507.0s_3510.0s.wav	1
11	Waveform 1	1	30.000000000	33.000000000	0.000	24000.000	0.102_19_ELDON9_20250510_060502_1695.0s_1698.0s.wav	1
11	Spectrogram 1	1	30.000000000	33.000000000	0.000	24000.000	0.102_19_ELDON9_20250510_060502_1695.0s_1698.0s.wav	1
12	Waveform 1	1	33.000000000	36.000000000	0.000	24000.000	0.102_23_ELDON8_20250508_050800_3237.0s_3240.0s.wav	0
12	Spectrogram 1	1	33.000000000	36.000000000	0.000	24000.000	0.102_23_ELDON8_20250508_050800_3237.0s_3240.0s.wav	0
13	Waveform 1	1	36.000000000	39.000000000	0.000	24000.000	0.102_23_ELDON9_20250510_191300_1386.0s_1389.0s.wav	0
13	Spectrogram 1	1	36.000000000	39.000000000	0.000	24000.000	0.102_23_ELDON9_20250510_191300_1386.0s_1389.0s.wav	0
14	Waveform 1	1	39.000000000	42.000000000	0.000	24000.000	0.102_35_ELDON2_20250514_060202_2214.00s_2217.00s.wav	0
14	Spectrogram 1	1	39.000000000	42.000000000	0.000	24000.000	0.102_35_ELDON2_20250514_060202_2214.00s_2217.00s.wav	0
15	Waveform 1	1	42.000000000	45.000000000	0.000	24000.000	0.103_5_ELDON2_20250430_200402_372.0s_375.0s.wav	0
15	Spectrogram 1	1	42.000000000	45.000000000	0.000	24000.000	0.103_5_ELDON2_20250430_200402_372.0s_375.0s.wav	0
16	Waveform 1	1	45.000000000	48.000000000	0.000	24000.000	0.104_1_ELDON2_20250430_200402_501.0s_504.0s.wav	0
16	Spectrogram 1	1	45.000000000	48.000000000	0.000	24000.000	0.104_1_ELDON2_20250430_200402_501.0s_504.0s.wav	0
17	Waveform 1	1	48.000000000	51.000000000	0.000	24000.000	0.104_39_ELDON2_20250514_060202_1782.00s_1785.00s.wav	0
17	Spectrogram 1	1	48.000000000	51.000000000	0.000	24000.000	0.104_39_ELDON2_20250514_060202_1782.00s_1785.00s.wav	0
18	Waveform 1	1	51.000000000	54.000000000	0.000	24000.000	0.105_157_ELDON2_20250421_185500_1998.0s_2001.0s.wav	0
18	Spectrogram 1	1	51.000000000	54.000000000	0.000	24000.000	0.105_157_ELDON2_20250421_185500_1998.0s_2001.0s.wav	0
19	Waveform 1	1	54.000000000	57.000000000	0.000	24000.000	0.105_20_ELDON8_20250510_191300_69.0s_72.0s.wav	0
19	Spectrogram 1	1	54.000000000	57.000000000	0.000	24000.000	0.105_20_ELDON8_20250510_191300_69.0s_72.0s.wav	0
20	Waveform 1	1	57.000000000	60.000000000	0.000	24000.000	0.105_22_ELDON9_20250510_191300_1560.0s_1563.0s.wav	0
20	Spectrogram 1	1	57.000000000	60.000000000	0.000	24000.000	0.105_22_ELDON9_20250510_191300_1560.0s_1563.0s.wav	0
21	Waveform 1	1	60.000000000	63.000000000	0.000	24000.000	0.105_32_ELDON2_20250510_060502_114.00s_117.00s.wav	1
21	Spectrogram 1	1	60.000000000	63.000000000	0.000	24000.000	0.105_32_ELDON2_20250510_060502_114.00s_117.00s.wav	1
22	Waveform 1	1	63.000000000	66.000000000	0.000	24000.000	0.106_14_ELDON9_20250514_050200_2001.0s_2004.0s.wav	0
22	Spectrogram 1	1	63.000000000	66.000000000	0.000	24000.000	0.106_14_ELDON9_20250514_050200_2001.0s_2004.0s.wav	0
23	Waveform 1	1	66.000000000	69.000000000	0.000	24000.000	0.106_17_ELDON2_20250508_050800_3114.00s_3117.00s.wav	0
23	Spectrogram 1	1	66.000000000	69.000000000	0.000	24000.000	0.106_17_ELDON2_20250508_050800_3114.00s_3117.00s.wav	0
24	Waveform 1	1	69.000000000	72.000000000	0.000	24000.000	0.106_59_ELDON1_20250510_191300_2874.00s_2877.00s.wav	0
24	Spectrogram 1	1	69.000000000	72.000000000	0.000	24000.000	0.106_59_ELDON1_20250510_191300_2874.00s_2877.00s.wav	0
25	Waveform 1	1	72.000000000	75.000000000	0.000	24000.000	0.107_11_ELDON10_20250509_060602_1527.0s_1530.0s.wav	0
25	Spectrogram 1	1	72.000000000	75.000000000	0.000	24000.000	0.107_11_ELDON10_20250509_060602_1527.0s_1530.0s.wav	0
26	Waveform 1	1	75.000000000	78.000000000	0.000	24000.000	0.107_18_ELDON9_20250510_060502_1632.0s_1635.0s.wav	0
26	Spectrogram 1	1	75.000000000	78.000000000	0.000	24000.000	0.107_18_ELDON9_20250510_060502_1632.0s_1635.0s.wav	0
27	Waveform 1	1	78.000000000	81.000000000	0.000	24000.000	0.108_10_ELDON9_20250511_060402_2262.0s_2265.0s.wav	0
27	Spectrogram 1	1	78.000000000	81.000000000	0.000	24000.000	0.108_10_ELDON9_20250511_060402_2262.0s_2265.0s.wav	0
28	Waveform 1	1	81.000000000	84.000000000	0.000	24000.000	0.108_31_ELDON1_20250514_060202_1710.00s_1713.00s.wav	0
28	Spectrogram 1	1	81.000000000	84.000000000	0.000	24000.000	0.108_31_ELDON1_20250514_060202_1710.00s_1713.00s.wav	0
29	Waveform 1	1	84.000000000	87.000000000	0.000	24000.000	0.109_11_ELDON9_20250510_060502_1443.0s_1446.0s.wav	1
29	Spectrogram 1	1	84.000000000	87.000000000	0.000	24000.000	0.109_11_ELDON9_20250510_060502_1443.0s_1446.0s.wav	1
30	Waveform 1	1	87.000000000	90.000000000	0.000	24000.000	0.109_15_ELDON2_20250513_060302_1071.00s_1074.00s.wav	1
30	Spectrogram 1	1	87.000000000	90.000000000	0.000	24000.000	0.109_15_ELDON2_20250513_060302_1071.00s_1074.00s.wav	1
31	Waveform 1	1	90.000000000	93.000000000	0.000	24000.000	0.109_23_ELDON8_20250508_191100_660.0s_663.0s.wav	0
31	Spectrogram 1	1	90.000000000	93.000000000	0.000	24000.000	0.109_23_ELDON8_20250508_191100_660.0s_663.0s.wav	0
32	Waveform 1	1	93.000000000	96.000000000	0.000	24000.000	0.110_10_ELDON8_20250510_201302_948.0s_951.0s.wav	0
32	Spectrogram 1	1	93.000000000	96.000000000	0.000	24000.000	0.110_10_ELDON8_20250510_201302_948.0s_951.0s.wav	0
33	Waveform 1	1	96.000000000	99.000000000	0.000	24000.000	0.110_14_ELDON2_20250512_191500_2427.00s_2430.00s.wav	1
33	Spectrogram 1	1	96.000000000	99.000000000	0.000	24000.000	0.110_14_ELDON2_20250512_191500_2427.00s_2430.00s.wav	1
34	Waveform 1	1	99.000000000	102.000000000	0.000	24000.000	0.110_26_ELDON8_20250510_050500_1917.0s_1920.0s.wav	0
34	Spectrogram 1	1	99.000000000	102.000000000	0.000	24000.000	0.110_26_ELDON8_20250510_050500_1917.0s_1920.0s.wav	0
35	Waveform 1	1	102.000000000	105.000000000	0.000	24000.000	0.110_33_ELDON10_20250511_050400_2598.0s_2601.0s.wav	1
35	Spectrogram 1	1	102.000000000	105.000000000	0.000	24000.000	0.110_33_ELDON10_20250511_050400_2598.0s_2601.0s.wav	1
36	Waveform 1	1	105.000000000	108.000000000	0.000	24000.000	0.110_36_ELDON3_20250514_060202_3366.00s_3369.00s.wav	0
36	Spectrogram 1	1	105.000000000	108.000000000	0.000	24000.000	0.110_36_ELDON3_20250514_060202_3366.00s_3369.00s.wav	0
37	Waveform 1	1	108.000000000	111.000000000	0.000	24000.000	0.110_46_ELDON5_20250510_060502_2127.0s_2130.0s.wav	0
37	Spectrogram 1	1	108.000000000	111.000000000	0.000	24000.000	0.110_46_ELDON5_20250510_060502_2127.0s_2130.0s.wav	0
38	Waveform 1	1	111.000000000	114.000000000	0.000	24000.000	0.111_37_ELDON2_20250514_060202_1818.00s_1821.00s.wav	0
38	Spectrogram 1	1	111.000000000	114.000000000	0.000	24000.000	0.111_37_ELDON2_20250514_060202_1818.00s_1821.00s.wav	0
39	Waveform 1	1	114.000000000	117.000000000	0.000	24000.000	0.111_79_ELDON2_20250512_060402_309.00s_312.00s.wav	0
39	Spectrogram 1	1	114.000000000	117.000000000	0.000	24000.000	0.111_79_ELDON2_20250512_060402_309.00s_312.00s.wav	0
40	Waveform 1	1	117.000000000	120.000000000	0.000	24000.000	0.112_9_ELDON10_20250511_191400_264.0s_267.0s.wav	0
40	Spectrogram 1	1	117.000000000	120.000000000	0.000	24000.000	0.112_9_ELDON10_20250511_191400_264.0s_267.0s.wav	0
41	Waveform 1	1	120.000000000	123.000000000	0.000	24000.000	0.112_9_ELDON5_20250509_050600_3096.0s_3099.0s.wav	0
41	Spectrogram 1	1	120.000000000	123.000000000	0.000	24000.000	0.112_9_ELDON5_20250509_050600_3096.0s_3099.0s.wav	0
42	Waveform 1	1	123.000000000	126.000000000	0.000	24000.000	0.112_9_ELDON9_20250510_060502_2097.0s_2100.0s.wav	0
42	Spectrogram 1	1	123.000000000	126.000000000	0.000	24000.000	0.112_9_ELDON9_20250510_060502_2097.0s_2100.0s.wav	0
43	Waveform 1	1	126.000000000	129.000000000	0.000	24000.000	0.114_10_ELDON8_20250512_060402_2205.0s_2208.0s.wav	0
43	Spectrogram 1	1	126.000000000	129.000000000	0.000	24000.000	0.114_10_ELDON8_20250512_060402_2205.0s_2208.0s.wav	0
44	Waveform 1	1	129.000000000	132.000000000	0.000	24000.000	0.114_19_ELDON10_20250510_050500_3525.0s_3528.0s.wav	1
44	Spectrogram 1	1	129.000000000	132.000000000	0.000	24000.000	0.114_19_ELDON10_20250510_050500_3525.0s_3528.0s.wav	1
45	Waveform 1	1	132.000000000	135.000000000	0.000	24000.000	0.114_22_ELDON8_20250508_191100_3507.0s_3510.0s.wav	0
45	Spectrogram 1	1	132.000000000	135.000000000	0.000	24000.000	0.114_22_ELDON8_20250508_191100_3507.0s_3510.0s.wav	0
46	Waveform 1	1	135.000000000	138.000000000	0.000	24000.000	0.114_24_ELDON9_20250508_191100_1716.0s_1719.0s.wav	1
46	Spectrogram 1	1	135.000000000	138.000000000	0.000	24000.000	0.114_24_ELDON9_20250508_191100_1716.0s_1719.0s.wav	1
47	Waveform 1	1	138.000000000	141.000000000	0.000	24000.000	0.114_34_ELDON3_20250514_060202_2613.00s_2616.00s.wav	0
47	Spectrogram 1	1	138.000000000	141.000000000	0.000	24000.000	0.114_34_ELDON3_20250514_060202_2613.00s_2616.00s.wav	0
48	Waveform 1	1	141.000000000	144.000000000	0.000	24000.000	0.114_43_ELDON2_20250514_060202_2421.00s_2424.00s.wav	1
48	Spectrogram 1	1	141.000000000	144.000000000	0.000	24000.000	0.114_43_ELDON2_20250514_060202_2421.00s_2424.00s.wav	1
49	Waveform 1	1	144.000000000	147.000000000	0.000	24000.000	0.114_4_ELDON1_20250509_201202_822.00s_825.00s.wav	0
49	Spectrogram 1	1	144.000000000	147.000000000	0.000	24000.000	0.114_4_ELDON1_20250509_201202_822.00s_825.00s.wav	0
50	Waveform 1	1	147.000000000	150.000000000	0.000	24000.000	0.114_8_ELDON9_20250508_060802_2184.0s_2187.0s.wav	0
50	Spectrogram 1	1	147.000000000	150.000000000	0.000	24000.000	0.114_8_ELDON9_20250508_060802_2184.0s_2187.0s.wav	0
51	Waveform 1	1	150.000000000	153.000000000	0.000	24000.000	0.115_17_ELDON9_20250510_060502_1611.0s_1614.0s.wav	1
51	Spectrogram 1	1	150.000000000	153.000000000	0.000	24000.000	0.115_17_ELDON9_20250510_060502_1611.0s_1614.0s.wav	1
52	Waveform 1	1	153.000000000	156.000000000	0.000	24000.000	0.115_52_ELDON1_20250510_191300_2259.00s_2262.00s.wav	0
52	Spectrogram 1	1	153.000000000	156.000000000	0.000	24000.000	0.115_52_ELDON1_20250510_191300_2259.00s_2262.00s.wav	0
53	Waveform 1	1	156.000000000	159.000000000	0.000	24000.000	0.116_41_ELDON2_20250514_060202_3081.00s_3084.00s.wav	0
53	Spectrogram 1	1	156.000000000	159.000000000	0.000	24000.000	0.116_41_ELDON2_20250514_060202_3081.00s_3084.00s.wav	0
54	Waveform 1	1	159.000000000	162.000000000	0.000	24000.000	0.116_4_ELDON9_20250511_191400_1470.0s_1473.0s.wav	0
54	Spectrogram 1	1	159.000000000	162.000000000	0.000	24000.000	0.116_4_ELDON9_20250511_191400_1470.0s_1473.0s.wav	0
55	Waveform 1	1	162.000000000	165.000000000	0.000	24000.000	0.117_15_ELDON4_20250512_060402_447.0s_450.0s.wav	1
55	Spectrogram 1	1	162.000000000	165.000000000	0.000	24000.000	0.117_15_ELDON4_20250512_060402_447.0s_450.0s.wav	1
56	Waveform 1	1	165.000000000	168.000000000	0.000	24000.000	0.117_23_ELDON4_20250512_060402_447.00s_450.00s.wav	1
56	Spectrogram 1	1	165.000000000	168.000000000	0.000	24000.000	0.117_23_ELDON4_20250512_060402_447.00s_450.00s.wav	1
57	Waveform 1	1	168.000000000	171.000000000	0.000	24000.000	0.118_19_ELDON2_20250512_191500_2442.00s_2445.00s.wav	1
57	Spectrogram 1	1	168.000000000	171.000000000	0.000	24000.000	0.118_19_ELDON2_20250512_191500_2442.00s_2445.00s.wav	1
58	Waveform 1	1	171.000000000	174.000000000	0.000	24000.000	0.118_32_ELDON1_20250514_060202_1143.00s_1146.00s.wav	0
58	Spectrogram 1	1	171.000000000	174.000000000	0.000	24000.000	0.118_32_ELDON1_20250514_060202_1143.00s_1146.00s.wav	0
59	Waveform 1	1	174.000000000	177.000000000	0.000	24000.000	0.118_36_ELDON2_20250514_060202_2331.00s_2334.00s.wav	0
59	Spectrogram 1	1	174.000000000	177.000000000	0.000	24000.000	0.118_36_ELDON2_20250514_060202_2331.00s_2334.00s.wav	0
60	Waveform 1	1	177.000000000	180.000000000	0.000	24000.000	0.119_17_ELDON9_20250511_201402_33.0s_36.0s.wav	0
60	Spectrogram 1	1	177.000000000	180.000000000	0.000	24000.000	0.119_17_ELDON9_20250511_201402_33.0s_36.0s.wav	0
61	Waveform 1	1	180.000000000	183.000000000	0.000	24000.000	0.119_48_ELDON2_20250514_060202_2148.00s_2151.00s.wav	0
61	Spectrogram 1	1	180.000000000	183.000000000	0.000	24000.000	0.119_48_ELDON2_20250514_060202_2148.00s_2151.00s.wav	0
62	Waveform 1	1	183.000000000	186.000000000	0.000	24000.000	0.119_48_ELDON5_20250421_062802_2955.0s_2958.0s.wav	0
62	Spectrogram 1	1	183.000000000	186.000000000	0.000	24000.000	0.119_48_ELDON5_20250421_062802_2955.0s_2958.0s.wav	0
63	Waveform 1	1	186.000000000	189.000000000	0.000	24000.000	0.119_7_ELDON9_20250508_060802_2856.0s_2859.0s.wav	0
63	Spectrogram 1	1	186.000000000	189.000000000	0.000	24000.000	0.119_7_ELDON9_20250508_060802_2856.0s_2859.0s.wav	0
64	Waveform 1	1	189.000000000	192.000000000	0.000	24000.000	0.119_8_ELDON10_20250511_191400_516.0s_519.0s.wav	0
64	Spectrogram 1	1	189.000000000	192.000000000	0.000	24000.000	0.119_8_ELDON10_20250511_191400_516.0s_519.0s.wav	0
65	Waveform 1	1	192.000000000	195.000000000	0.000	24000.000	0.120_12_ELDON9_20250510_060502_2232.0s_2235.0s.wav	0
65	Spectrogram 1	1	192.000000000	195.000000000	0.000	24000.000	0.120_12_ELDON9_20250510_060502_2232.0s_2235.0s.wav	0
66	Waveform 1	1	195.000000000	198.000000000	0.000	24000.000	0.120_30_ELDON5_20250511_191400_732.0s_735.0s.wav	0
66	Spectrogram 1	1	195.000000000	198.000000000	0.000	24000.000	0.120_30_ELDON5_20250511_191400_732.0s_735.0s.wav	0
67	Waveform 1	1	198.000000000	201.000000000	0.000	24000.000	0.120_31_ELDON1_20250511_060402_846.00s_849.00s.wav	0
67	Spectrogram 1	1	198.000000000	201.000000000	0.000	24000.000	0.120_31_ELDON1_20250511_060402_846.00s_849.00s.wav	0
68	Waveform 1	1	201.000000000	204.000000000	0.000	24000.000	0.120_6_ELDON9_20250511_191400_141.0s_144.0s.wav	0
68	Spectrogram 1	1	201.000000000	204.000000000	0.000	24000.000	0.120_6_ELDON9_20250511_191400_141.0s_144.0s.wav	0
69	Waveform 1	1	204.000000000	207.000000000	0.000	24000.000	0.121_270_ELDON2_20250418_053200_3402.0s_3405.0s.wav	0
69	Spectrogram 1	1	204.000000000	207.000000000	0.000	24000.000	0.121_270_ELDON2_20250418_053200_3402.0s_3405.0s.wav	0
70	Waveform 1	1	207.000000000	210.000000000	0.000	24000.000	0.121_27_ELDON10_20250510_050500_2823.0s_2826.0s.wav	0
70	Spectrogram 1	1	207.000000000	210.000000000	0.000	24000.000	0.121_27_ELDON10_20250510_050500_2823.0s_2826.0s.wav	0
71	Waveform 1	1	210.000000000	213.000000000	0.000	24000.000	0.121_3_ELDON2_20250509_201202_876.00s_879.00s.wav	1
71	Spectrogram 1	1	210.000000000	213.000000000	0.000	24000.000	0.121_3_ELDON2_20250509_201202_876.00s_879.00s.wav	1
72	Waveform 1	1	213.000000000	216.000000000	0.000	24000.000	0.122_14_ELDON4_20250512_060402_2910.0s_2913.0s.wav	0
72	Spectrogram 1	1	213.000000000	216.000000000	0.000	24000.000	0.122_14_ELDON4_20250512_060402_2910.0s_2913.0s.wav	0
73	Waveform 1	1	216.000000000	219.000000000	0.000	24000.000	0.122_16_ELDON2_20250512_191500_594.00s_597.00s.wav	0
73	Spectrogram 1	1	216.000000000	219.000000000	0.000	24000.000	0.122_16_ELDON2_20250512_191500_594.00s_597.00s.wav	0
74	Waveform 1	1	219.000000000	222.000000000	0.000	24000.000	0.122_22_ELDON4_20250512_060402_2910.00s_2913.00s.wav	0
74	Spectrogram 1	1	219.000000000	222.000000000	0.000	24000.000	0.122_22_ELDON4_20250512_060402_2910.00s_2913.00s.wav	0
75	Waveform 1	1	222.000000000	225.000000000	0.000	24000.000	0.122_5_ELDON8_20250508_060802_969.0s_972.0s.wav	0
75	Spectrogram 1	1	222.000000000	225.000000000	0.000	24000.000	0.122_5_ELDON8_20250508_060802_969.0s_972.0s.wav	0
76	Waveform 1	1	225.000000000	228.000000000	0.000	24000.000	0.122_78_ELDON2_20250512_060402_3537.00s_3540.00s.wav	0
76	Spectrogram 1	1	225.000000000	228.000000000	0.000	24000.000	0.122_78_ELDON2_20250512_060402_3537.00s_3540.00s.wav	0
77	Waveform 1	1	228.000000000	231.000000000	0.000	24000.000	0.123_18_ELDON10_20250511_191400_3579.0s_3582.0s.wav	0
77	Spectrogram 1	1	228.000000000	231.000000000	0.000	24000.000	0.123_18_ELDON10_20250511_191400_3579.0s_3582.0s.wav	0
78	Waveform 1	1	231.000000000	234.000000000	0.000	24000.000	0.124_137_ELDON2_20250420_062902_741.0s_744.0s.wav	0
78	Spectrogram 1	1	231.000000000	234.000000000	0.000	24000.000	0.124_137_ELDON2_20250420_062902_741.0s_744.0s.wav	0
79	Waveform 1	1	234.000000000	237.000000000	0.000	24000.000	0.124_46_ELDON2_20250514_060202_3123.00s_3126.00s.wav	1
79	Spectrogram 1	1	234.000000000	237.000000000	0.000	24000.000	0.124_46_ELDON2_20250514_060202_3123.00s_3126.00s.wav	1
80	Waveform 1	1	237.000000000	240.000000000	0.000	24000.000	0.125_161_ELDON2_20250421_185500_1479.0s_1482.0s.wav	0
80	Spectrogram 1	1	237.000000000	240.000000000	0.000	24000.000	0.125_161_ELDON2_20250421_185500_1479.0s_1482.0s.wav	0
81	Waveform 1	1	240.000000000	243.000000000	0.000	24000.000	0.126_129_ELDON2_20250420_052900_3531.0s_3534.0s.wav	0
81	Spectrogram 1	1	240.000000000	243.000000000	0.000	24000.000	0.126_129_ELDON2_20250420_052900_3531.0s_3534.0s.wav	0
82	Waveform 1	1	243.000000000	246.000000000	0.000	24000.000	0.126_54_ELDON1_20250510_191300_2499.00s_2502.00s.wav	0
82	Spectrogram 1	1	243.000000000	246.000000000	0.000	24000.000	0.126_54_ELDON1_20250510_191300_2499.00s_2502.00s.wav	0
83	Waveform 1	1	246.000000000	249.000000000	0.000	24000.000	0.126_9_ELDON10_20250509_060602_1137.0s_1140.0s.wav	1
83	Spectrogram 1	1	246.000000000	249.000000000	0.000	24000.000	0.126_9_ELDON10_20250509_060602_1137.0s_1140.0s.wav	1
84	Waveform 1	1	249.000000000	252.000000000	0.000	24000.000	0.127_10_ELDON9_20250510_060502_2088.0s_2091.0s.wav	1
84	Spectrogram 1	1	249.000000000	252.000000000	0.000	24000.000	0.127_10_ELDON9_20250510_060502_2088.0s_2091.0s.wav	1
85	Waveform 1	1	252.000000000	255.000000000	0.000	24000.000	0.127_234_ELDON3_20250417_185100_2874.0s_2877.0s.wav	0
85	Spectrogram 1	1	252.000000000	255.000000000	0.000	24000.000	0.127_234_ELDON3_20250417_185100_2874.0s_2877.0s.wav	0
86	Waveform 1	1	255.000000000	258.000000000	0.000	24000.000	0.128_22_ELDON1_20250510_201302_252.00s_255.00s.wav	0
86	Spectrogram 1	1	255.000000000	258.000000000	0.000	24000.000	0.128_22_ELDON1_20250510_201302_252.00s_255.00s.wav	0
87	Waveform 1	1	258.000000000	261.000000000	0.000	24000.000	0.128_33_ELDON3_20250514_060202_2727.00s_2730.00s.wav	0
87	Spectrogram 1	1	258.000000000	261.000000000	0.000	24000.000	0.128_33_ELDON3_20250514_060202_2727.00s_2730.00s.wav	0
88	Waveform 1	1	261.000000000	264.000000000	0.000	24000.000	0.128_8_ELDON2_20250428_200202_264.0s_267.0s.wav	0
88	Spectrogram 1	1	261.000000000	264.000000000	0.000	24000.000	0.128_8_ELDON2_20250428_200202_264.0s_267.0s.wav	0
89	Waveform 1	1	264.000000000	267.000000000	0.000	24000.000	0.129_17_ELDON2_20250512_191500_2148.00s_2151.00s.wav	1
89	Spectrogram 1	1	264.000000000	267.000000000	0.000	24000.000	0.129_17_ELDON2_20250512_191500_2148.00s_2151.00s.wav	1
90	Waveform 1	1	267.000000000	270.000000000	0.000	24000.000	0.129_72_ELDON2_20250512_060402_1218.00s_1221.00s.wav	1
90	Spectrogram 1	1	267.000000000	270.000000000	0.000	24000.000	0.129_72_ELDON2_20250512_060402_1218.00s_1221.00s.wav	1
91	Waveform 1	1	270.000000000	273.000000000	0.000	24000.000	0.130_15_ELDON2_20250429_061802_2955.0s_2958.0s.wav	0
91	Spectrogram 1	1	270.000000000	273.000000000	0.000	24000.000	0.130_15_ELDON2_20250429_061802_2955.0s_2958.0s.wav	0
92	Waveform 1	1	273.000000000	276.000000000	0.000	24000.000	0.130_4_ELDON2_20250430_200402_1179.0s_1182.0s.wav	0
92	Spectrogram 1	1	273.000000000	276.000000000	0.000	24000.000	0.130_4_ELDON2_20250430_200402_1179.0s_1182.0s.wav	0
93	Waveform 1	1	276.000000000	279.000000000	0.000	24000.000	0.130_4_ELDON8_20250508_060802_693.0s_696.0s.wav	0
93	Spectrogram 1	1	276.000000000	279.000000000	0.000	24000.000	0.130_4_ELDON8_20250508_060802_693.0s_696.0s.wav	0
94	Waveform 1	1	279.000000000	282.000000000	0.000	24000.000	0.130_60_ELDON1_20250510_191300_2283.00s_2286.00s.wav	0
94	Spectrogram 1	1	279.000000000	282.000000000	0.000	24000.000	0.130_60_ELDON1_20250510_191300_2283.00s_2286.00s.wav	0
95	Waveform 1	1	282.000000000	285.000000000	0.000	24000.000	0.131_11_ELDON10_20250511_191400_192.0s_195.0s.wav	0
95	Spectrogram 1	1	282.000000000	285.000000000	0.000	24000.000	0.131_11_ELDON10_20250511_191400_192.0s_195.0s.wav	0
96	Waveform 1	1	285.000000000	288.000000000	0.000	24000.000	0.131_23_ELDON10_20250510_050500_3573.0s_3576.0s.wav	1
96	Spectrogram 1	1	285.000000000	288.000000000	0.000	24000.000	0.131_23_ELDON10_20250510_050500_3573.0s_3576.0s.wav	1
97	Waveform 1	1	288.000000000	291.000000000	0.000	24000.000	0.133_47_ELDON2_20250514_060202_2889.00s_2892.00s.wav	0
97	Spectrogram 1	1	288.000000000	291.000000000	0.000	24000.000	0.133_47_ELDON2_20250514_060202_2889.00s_2892.00s.wav	0
98	Waveform 1	1	291.000000000	294.000000000	0.000	24000.000	0.134_15_ELDON5_20250512_191500_2616.0s_2619.0s.wav	0
98	Spectrogram 1	1	291.000000000	294.000000000	0.000	24000.000	0.134_15_ELDON5_20250512_191500_2616.0s_2619.0s.wav	0
99	Waveform 1	1	294.000000000	297.000000000	0.000	24000.000	0.134_9_ELDON10_20250513_060302_258.0s_261.0s.wav	1
99	Spectrogram 1	1	294.000000000	297.000000000	0.000	24000.000	0.134_9_ELDON10_20250513_060302_258.0s_261.0s.wav	1
100	Waveform 1	1	297.000000000	300.000000000	0.000	24000.000	0.136_11_ELDON2_20250513_060302_2793.00s_2796.00s.wav	0
100	Spectrogram 1	1	297.000000000	300.000000000	0.000	24000.000	0.136_11_ELDON2_20250513_060302_2793.00s_2796.00s.wav	0
101	Waveform 1	1	300.000000000	303.000000000	0.000	24000.000	0.137_18_ELDON2_20250423_052500_2823.0s_2826.0s.wav	0
101	Spectrogram 1	1	300.000000000	303.000000000	0.000	24000.000	0.137_18_ELDON2_20250423_052500_2823.0s_2826.0s.wav	0
102	Waveform 1	1	303.000000000	306.000000000	0.000	24000.000	0.137_2_ELDON2_20250430_200402_1269.0s_1272.0s.wav	0
102	Spectrogram 1	1	303.000000000	306.000000000	0.000	24000.000	0.137_2_ELDON2_20250430_200402_1269.0s_1272.0s.wav	0
103	Waveform 1	1	306.000000000	309.000000000	0.000	24000.000	0.137_49_ELDON2_20250514_060202_2166.00s_2169.00s.wav	0
103	Spectrogram 1	1	306.000000000	309.000000000	0.000	24000.000	0.137_49_ELDON2_20250514_060202_2166.00s_2169.00s.wav	0
104	Waveform 1	1	309.000000000	312.000000000	0.000	24000.000	0.138_73_ELDON2_20250512_060402_1356.00s_1359.00s.wav	0
104	Spectrogram 1	1	309.000000000	312.000000000	0.000	24000.000	0.138_73_ELDON2_20250512_060402_1356.00s_1359.00s.wav	0
105	Waveform 1	1	312.000000000	315.000000000	0.000	24000.000	0.139_11_ELDON8_20250512_060402_3102.0s_3105.0s.wav	0
105	Spectrogram 1	1	312.000000000	315.000000000	0.000	24000.000	0.139_11_ELDON8_20250512_060402_3102.0s_3105.0s.wav	0
106	Waveform 1	1	315.000000000	318.000000000	0.000	24000.000	0.140_16_ELDON9_20250513_050300_3219.0s_3222.0s.wav	0
106	Spectrogram 1	1	315.000000000	318.000000000	0.000	24000.000	0.140_16_ELDON9_20250513_050300_3219.0s_3222.0s.wav	0
107	Waveform 1	1	318.000000000	321.000000000	0.000	24000.000	0.140_77_ELDON2_20250512_060402_375.00s_378.00s.wav	1
107	Spectrogram 1	1	318.000000000	321.000000000	0.000	24000.000	0.140_77_ELDON2_20250512_060402_375.00s_378.00s.wav	1
108	Waveform 1	1	321.000000000	324.000000000	0.000	24000.000	0.141_4_ELDON9_20250509_060602_3078.0s_3081.0s.wav	0
108	Spectrogram 1	1	321.000000000	324.000000000	0.000	24000.000	0.141_4_ELDON9_20250509_060602_3078.0s_3081.0s.wav	0
109	Waveform 1	1	324.000000000	327.000000000	0.000	24000.000	0.142_58_ELDON1_20250510_191300_2484.00s_2487.00s.wav	0
109	Spectrogram 1	1	324.000000000	327.000000000	0.000	24000.000	0.142_58_ELDON1_20250510_191300_2484.00s_2487.00s.wav	0
110	Waveform 1	1	327.000000000	330.000000000	0.000	24000.000	0.143_14_ELDON9_20250510_060502_1605.0s_1608.0s.wav	0
110	Spectrogram 1	1	327.000000000	330.000000000	0.000	24000.000	0.143_14_ELDON9_20250510_060502_1605.0s_1608.0s.wav	0
111	Waveform 1	1	330.000000000	333.000000000	0.000	24000.000	0.144_7_ELDON6_20250511_191400_1143.0s_1146.0s.wav	0
111	Spectrogram 1	1	330.000000000	333.000000000	0.000	24000.000	0.144_7_ELDON6_20250511_191400_1143.0s_1146.0s.wav	0
112	Waveform 1	1	333.000000000	336.000000000	0.000	24000.000	0.145_31_ELDON5_20250510_191300_2439.0s_2442.0s.wav	0
112	Spectrogram 1	1	333.000000000	336.000000000	0.000	24000.000	0.145_31_ELDON5_20250510_191300_2439.0s_2442.0s.wav	0
113	Waveform 1	1	336.000000000	339.000000000	0.000	24000.000	0.145_5_ELDON10_20250511_191400_234.0s_237.0s.wav	0
113	Spectrogram 1	1	336.000000000	339.000000000	0.000	24000.000	0.145_5_ELDON10_20250511_191400_234.0s_237.0s.wav	0
114	Waveform 1	1	339.000000000	342.000000000	0.000	24000.000	0.146_30_ELDON1_20250514_060202_1056.00s_1059.00s.wav	0
114	Spectrogram 1	1	339.000000000	342.000000000	0.000	24000.000	0.146_30_ELDON1_20250514_060202_1056.00s_1059.00s.wav	0
115	Waveform 1	1	342.000000000	345.000000000	0.000	24000.000	0.149_2_ELDON9_20250513_060302_3168.0s_3171.0s.wav	0
115	Spectrogram 1	1	342.000000000	345.000000000	0.000	24000.000	0.149_2_ELDON9_20250513_060302_3168.0s_3171.0s.wav	0
116	Waveform 1	1	345.000000000	348.000000000	0.000	24000.000	0.149_9_ELDON9_20250511_191400_804.0s_807.0s.wav	0
116	Spectrogram 1	1	345.000000000	348.000000000	0.000	24000.000	0.149_9_ELDON9_20250511_191400_804.0s_807.0s.wav	0
117	Waveform 1	1	348.000000000	351.000000000	0.000	24000.000	0.151_12_ELDON2_20250508_201102_474.00s_477.00s.wav	0
117	Spectrogram 1	1	348.000000000	351.000000000	0.000	24000.000	0.151_12_ELDON2_20250508_201102_474.00s_477.00s.wav	0
118	Waveform 1	1	351.000000000	354.000000000	0.000	24000.000	0.151_13_ELDON10_20250511_191400_2211.0s_2214.0s.wav	0
118	Spectrogram 1	1	351.000000000	354.000000000	0.000	24000.000	0.151_13_ELDON10_20250511_191400_2211.0s_2214.0s.wav	0
119	Waveform 1	1	354.000000000	357.000000000	0.000	24000.000	0.151_26_ELDON9_20250508_191100_2715.0s_2718.0s.wav	0
119	Spectrogram 1	1	354.000000000	357.000000000	0.000	24000.000	0.151_26_ELDON9_20250508_191100_2715.0s_2718.0s.wav	0
120	Waveform 1	1	357.000000000	360.000000000	0.000	24000.000	0.154_11_ELDON8_20250510_201302_1698.0s_1701.0s.wav	0
120	Spectrogram 1	1	357.000000000	360.000000000	0.000	24000.000	0.154_11_ELDON8_20250510_201302_1698.0s_1701.0s.wav	0
121	Waveform 1	1	360.000000000	363.000000000	0.000	24000.000	0.154_35_ELDON3_20250514_060202_2568.00s_2571.00s.wav	0
121	Spectrogram 1	1	360.000000000	363.000000000	0.000	24000.000	0.154_35_ELDON3_20250514_060202_2568.00s_2571.00s.wav	0
122	Waveform 1	1	363.000000000	366.000000000	0.000	24000.000	0.155_16_ELDON2_20250513_060302_1095.00s_1098.00s.wav	0
122	Spectrogram 1	1	363.000000000	366.000000000	0.000	24000.000	0.155_16_ELDON2_20250513_060302_1095.00s_1098.00s.wav	0
123	Waveform 1	1	366.000000000	369.000000000	0.000	24000.000	0.155_18_ELDON9_20250511_201402_21.0s_24.0s.wav	0
123	Spectrogram 1	1	366.000000000	369.000000000	0.000	24000.000	0.155_18_ELDON9_20250511_201402_21.0s_24.0s.wav	0
124	Waveform 1	1	369.000000000	372.000000000	0.000	24000.000	0.156_15_ELDON10_20250513_060302_348.0s_351.0s.wav	1
124	Spectrogram 1	1	369.000000000	372.000000000	0.000	24000.000	0.156_15_ELDON10_20250513_060302_348.0s_351.0s.wav	1
125	Waveform 1	1	372.000000000	375.000000000	0.000	24000.000	0.156_40_ELDON2_20250514_060202_2358.00s_2361.00s.wav	0
125	Spectrogram 1	1	372.000000000	375.000000000	0.000	24000.000	0.156_40_ELDON2_20250514_060202_2358.00s_2361.00s.wav	0
126	Waveform 1	1	375.000000000	378.000000000	0.000	24000.000	0.158_20_ELDON10_20250511_191400_1323.0s_1326.0s.wav	0
126	Spectrogram 1	1	375.000000000	378.000000000	0.000	24000.000	0.158_20_ELDON10_20250511_191400_1323.0s_1326.0s.wav	0
127	Waveform 1	1	378.000000000	381.000000000	0.000	24000.000	0.158_9_ELDON10_20250513_050300_3555.0s_3558.0s.wav	0
127	Spectrogram 1	1	378.000000000	381.000000000	0.000	24000.000	0.158_9_ELDON10_20250513_050300_3555.0s_3558.0s.wav	0
128	Waveform 1	1	381.000000000	384.000000000	0.000	24000.000	0.159_22_ELDON9_20250508_191100_900.0s_903.0s.wav	1
128	Spectrogram 1	1	381.000000000	384.000000000	0.000	24000.000	0.159_22_ELDON9_20250508_191100_900.0s_903.0s.wav	1
129	Waveform 1	1	384.000000000	387.000000000	0.000	24000.000	0.163_23_ELDON9_20250508_191100_1656.0s_1659.0s.wav	0
129	Spectrogram 1	1	384.000000000	387.000000000	0.000	24000.000	0.163_23_ELDON9_20250508_191100_1656.0s_1659.0s.wav	0
130	Waveform 1	1	387.000000000	390.000000000	0.000	24000.000	0.166_13_ELDON4_20250512_060402_468.0s_471.0s.wav	0
130	Spectrogram 1	1	387.000000000	390.000000000	0.000	24000.000	0.166_13_ELDON4_20250512_060402_468.0s_471.0s.wav	0
131	Waveform 1	1	390.000000000	393.000000000	0.000	24000.000	0.166_24_ELDON4_20250512_060402_468.00s_471.00s.wav	1
131	Spectrogram 1	1	390.000000000	393.000000000	0.000	24000.000	0.166_24_ELDON4_20250512_060402_468.00s_471.00s.wav	1
132	Waveform 1	1	393.000000000	396.000000000	0.000	24000.000	0.169_11_ELDON10_20250513_060302_297.0s_300.0s.wav	1
132	Spectrogram 1	1	393.000000000	396.000000000	0.000	24000.000	0.169_11_ELDON10_20250513_060302_297.0s_300.0s.wav	1
133	Waveform 1	1	396.000000000	399.000000000	0.000	24000.000	0.169_22_ELDON2_20250512_191500_2526.00s_2529.00s.wav	1
133	Spectrogram 1	1	396.000000000	399.000000000	0.000	24000.000	0.169_22_ELDON2_20250512_191500_2526.00s_2529.00s.wav	1
134	Waveform 1	1	399.000000000	402.000000000	0.000	24000.000	0.170_23_ELDON1_20250510_201302_261.00s_264.00s.wav	1
134	Spectrogram 1	1	399.000000000	402.000000000	0.000	24000.000	0.170_23_ELDON1_20250510_201302_261.00s_264.00s.wav	1
135	Waveform 1	1	402.000000000	405.000000000	0.000	24000.000	0.170_34_ELDON2_20250422_062702_66.0s_69.0s.wav	0
135	Spectrogram 1	1	402.000000000	405.000000000	0.000	24000.000	0.170_34_ELDON2_20250422_062702_66.0s_69.0s.wav	0
136	Waveform 1	1	405.000000000	408.000000000	0.000	24000.000	0.172_44_ELDON2_20250514_060202_2292.00s_2295.00s.wav	0
136	Spectrogram 1	1	405.000000000	408.000000000	0.000	24000.000	0.172_44_ELDON2_20250514_060202_2292.00s_2295.00s.wav	0
137	Waveform 1	1	408.000000000	411.000000000	0.000	24000.000	0.173_21_ELDON2_20250512_191500_2577.00s_2580.00s.wav	1
137	Spectrogram 1	1	408.000000000	411.000000000	0.000	24000.000	0.173_21_ELDON2_20250512_191500_2577.00s_2580.00s.wav	1
138	Waveform 1	1	411.000000000	414.000000000	0.000	24000.000	0.174_12_ELDON2_20250430_061602_1380.0s_1383.0s.wav	0
138	Spectrogram 1	1	411.000000000	414.000000000	0.000	24000.000	0.174_12_ELDON2_20250430_061602_1380.0s_1383.0s.wav	0
139	Waveform 1	1	414.000000000	417.000000000	0.000	24000.000	0.174_37_ELDON3_20250514_060202_2886.00s_2889.00s.wav	0
139	Spectrogram 1	1	414.000000000	417.000000000	0.000	24000.000	0.174_37_ELDON3_20250514_060202_2886.00s_2889.00s.wav	0
140	Waveform 1	1	417.000000000	420.000000000	0.000	24000.000	0.174_7_ELDON9_20250511_191400_1752.0s_1755.0s.wav	1
140	Spectrogram 1	1	417.000000000	420.000000000	0.000	24000.000	0.174_7_ELDON9_20250511_191400_1752.0s_1755.0s.wav	1
141	Waveform 1	1	420.000000000	423.000000000	0.000	24000.000	0.175_7_ELDON2_20250427_200102_249.0s_252.0s.wav	0
141	Spectrogram 1	1	420.000000000	423.000000000	0.000	24000.000	0.175_7_ELDON2_20250427_200102_249.0s_252.0s.wav	0
142	Waveform 1	1	423.000000000	426.000000000	0.000	24000.000	0.176_15_ELDON2_20250512_191500_1083.00s_1086.00s.wav	1
142	Spectrogram 1	1	423.000000000	426.000000000	0.000	24000.000	0.176_15_ELDON2_20250512_191500_1083.00s_1086.00s.wav	1
143	Waveform 1	1	426.000000000	429.000000000	0.000	24000.000	0.176_19_ELDON10_20250511_191400_138.0s_141.0s.wav	0
143	Spectrogram 1	1	426.000000000	429.000000000	0.000	24000.000	0.176_19_ELDON10_20250511_191400_138.0s_141.0s.wav	0
144	Waveform 1	1	429.000000000	432.000000000	0.000	24000.000	0.179_23_ELDON2_20250512_191500_2661.00s_2664.00s.wav	0
144	Spectrogram 1	1	429.000000000	432.000000000	0.000	24000.000	0.179_23_ELDON2_20250512_191500_2661.00s_2664.00s.wav	0
145	Waveform 1	1	432.000000000	435.000000000	0.000	24000.000	0.179_81_ELDON2_20250512_060402_1113.00s_1116.00s.wav	1
145	Spectrogram 1	1	432.000000000	435.000000000	0.000	24000.000	0.179_81_ELDON2_20250512_060402_1113.00s_1116.00s.wav	1
146	Waveform 1	1	435.000000000	438.000000000	0.000	24000.000	0.182_10_ELDON10_20250511_191400_69.0s_72.0s.wav	0
146	Spectrogram 1	1	435.000000000	438.000000000	0.000	24000.000	0.182_10_ELDON10_20250511_191400_69.0s_72.0s.wav	0
147	Waveform 1	1	438.000000000	441.000000000	0.000	24000.000	0.184_8_ELDON6_20250511_191400_1539.0s_1542.0s.wav	0
147	Spectrogram 1	1	438.000000000	441.000000000	0.000	24000.000	0.184_8_ELDON6_20250511_191400_1539.0s_1542.0s.wav	0
148	Waveform 1	1	441.000000000	444.000000000	0.000	24000.000	0.189_10_ELDON10_20250513_060302_642.0s_645.0s.wav	0
148	Spectrogram 1	1	441.000000000	444.000000000	0.000	24000.000	0.189_10_ELDON10_20250513_060302_642.0s_645.0s.wav	0
149	Waveform 1	1	444.000000000	447.000000000	0.000	24000.000	0.196_3_ELDON9_20250513_060302_3333.0s_3336.0s.wav	0
149	Spectrogram 1	1	444.000000000	447.000000000	0.000	24000.000	0.196_3_ELDON9_20250513_060302_3333.0s_3336.0s.wav	0
150	Waveform 1	1	447.000000000	450.000000000	0.000	24000.000	0.201_80_ELDON2_20250512_060402_396.00s_399.00s.wav	0
150	Spectrogram 1	1	447.000000000	450.000000000	0.000	24000.000	0.201_80_ELDON2_20250512_060402_396.00s_399.00s.wav	0
151	Waveform 1	1	450.000000000	453.000000000	0.000	24000.000	0.203_20_ELDON10_20250510_050500_3441.0s_3444.0s.wav	0
151	Spectrogram 1	1	450.000000000	453.000000000	0.000	24000.000	0.203_20_ELDON10_20250510_050500_3441.0s_3444.0s.wav	0
152	Waveform 1	1	453.000000000	456.000000000	0.000	24000.000	0.204_57_ELDON1_20250510_191300_2469.00s_2472.00s.wav	0
152	Spectrogram 1	1	453.000000000	456.000000000	0.000	24000.000	0.204_57_ELDON1_20250510_191300_2469.00s_2472.00s.wav	0
153	Waveform 1	1	456.000000000	459.000000000	0.000	24000.000	0.205_3_ELDON2_20250430_200402_1281.0s_1284.0s.wav	0
153	Spectrogram 1	1	456.000000000	459.000000000	0.000	24000.000	0.205_3_ELDON2_20250430_200402_1281.0s_1284.0s.wav	0
154	Waveform 1	1	459.000000000	462.000000000	0.000	24000.000	0.211_12_ELDON2_20250510_050500_3162.00s_3165.00s.wav	1
154	Spectrogram 1	1	459.000000000	462.000000000	0.000	24000.000	0.211_12_ELDON2_20250510_050500_3162.00s_3165.00s.wav	1
155	Waveform 1	1	462.000000000	465.000000000	0.000	24000.000	0.211_53_ELDON1_20250510_191300_2652.00s_2655.00s.wav	0
155	Spectrogram 1	1	462.000000000	465.000000000	0.000	24000.000	0.211_53_ELDON1_20250510_191300_2652.00s_2655.00s.wav	0
156	Waveform 1	1	465.000000000	468.000000000	0.000	24000.000	0.215_16_ELDON10_20250514_050200_3456.0s_3459.0s.wav	1
156	Spectrogram 1	1	465.000000000	468.000000000	0.000	24000.000	0.215_16_ELDON10_20250514_050200_3456.0s_3459.0s.wav	1
157	Waveform 1	1	468.000000000	471.000000000	0.000	24000.000	0.216_24_ELDON9_20250510_191300_2652.0s_2655.0s.wav	1
157	Spectrogram 1	1	468.000000000	471.000000000	0.000	24000.000	0.216_24_ELDON9_20250510_191300_2652.0s_2655.0s.wav	1
158	Waveform 1	1	471.000000000	474.000000000	0.000	24000.000	0.228_56_ELDON1_20250510_191300_2328.00s_2331.00s.wav	0
158	Spectrogram 1	1	471.000000000	474.000000000	0.000	24000.000	0.228_56_ELDON1_20250510_191300_2328.00s_2331.00s.wav	0
159	Waveform 1	1	474.000000000	477.000000000	0.000	24000.000	0.232_2_ELDON4_20250430_200402_2490.0s_2493.0s.wav	0
159	Spectrogram 1	1	474.000000000	477.000000000	0.000	24000.000	0.232_2_ELDON4_20250430_200402_2490.0s_2493.0s.wav	0
160	Waveform 1	1	477.000000000	480.000000000	0.000	24000.000	0.233_76_ELDON2_20250512_060402_1254.00s_1257.00s.wav	1
160	Spectrogram 1	1	477.000000000	480.000000000	0.000	24000.000	0.233_76_ELDON2_20250512_060402_1254.00s_1257.00s.wav	1
161	Waveform 1	1	480.000000000	483.000000000	0.000	24000.000	0.235_28_ELDON5_20250511_191400_57.0s_60.0s.wav	0
161	Spectrogram 1	1	480.000000000	483.000000000	0.000	24000.000	0.235_28_ELDON5_20250511_191400_57.0s_60.0s.wav	0
162	Waveform 1	1	483.000000000	486.000000000	0.000	24000.000	0.237_13_ELDON2_20250513_060302_2196.00s_2199.00s.wav	1
162	Spectrogram 1	1	483.000000000	486.000000000	0.000	24000.000	0.237_13_ELDON2_20250513_060302_2196.00s_2199.00s.wav	1
163	Waveform 1	1	486.000000000	489.000000000	0.000	24000.000	0.240_12_ELDON2_20250428_061902_1596.0s_1599.0s.wav	0
163	Spectrogram 1	1	486.000000000	489.000000000	0.000	24000.000	0.240_12_ELDON2_20250428_061902_1596.0s_1599.0s.wav	0
164	Waveform 1	1	489.000000000	492.000000000	0.000	24000.000	0.245_17_ELDON10_20250510_050500_3468.0s_3471.0s.wav	1
164	Spectrogram 1	1	489.000000000	492.000000000	0.000	24000.000	0.245_17_ELDON10_20250510_050500_3468.0s_3471.0s.wav	1
165	Waveform 1	1	492.000000000	495.000000000	0.000	24000.000	0.246_38_ELDON2_20250514_060202_1806.00s_1809.00s.wav	0
165	Spectrogram 1	1	492.000000000	495.000000000	0.000	24000.000	0.246_38_ELDON2_20250514_060202_1806.00s_1809.00s.wav	0
166	Waveform 1	1	495.000000000	498.000000000	0.000	24000.000	0.254_51_ELDON1_20250510_191300_2382.00s_2385.00s.wav	0
166	Spectrogram 1	1	495.000000000	498.000000000	0.000	24000.000	0.254_51_ELDON1_20250510_191300_2382.00s_2385.00s.wav	0
167	Waveform 1	1	498.000000000	501.000000000	0.000	24000.000	0.255_3_ELDON2_20250424_185800_3507.0s_3510.0s.wav	1
167	Spectrogram 1	1	498.000000000	501.000000000	0.000	24000.000	0.255_3_ELDON2_20250424_185800_3507.0s_3510.0s.wav	1
168	Waveform 1	1	501.000000000	504.000000000	0.000	24000.000	0.255_45_ELDON2_20250514_060202_1995.00s_1998.00s.wav	0
168	Spectrogram 1	1	501.000000000	504.000000000	0.000	24000.000	0.255_45_ELDON2_20250514_060202_1995.00s_1998.00s.wav	0
169	Waveform 1	1	504.000000000	507.000000000	0.000	24000.000	0.256_16_ELDON9_20250510_060502_2235.0s_2238.0s.wav	1
169	Spectrogram 1	1	504.000000000	507.000000000	0.000	24000.000	0.256_16_ELDON9_20250510_060502_2235.0s_2238.0s.wav	1
170	Waveform 1	1	507.000000000	510.000000000	0.000	24000.000	0.256_42_ELDON2_20250514_060202_2592.00s_2595.00s.wav	0
170	Spectrogram 1	1	507.000000000	510.000000000	0.000	24000.000	0.256_42_ELDON2_20250514_060202_2592.00s_2595.00s.wav	0
171	Waveform 1	1	510.000000000	513.000000000	0.000	24000.000	0.260_158_ELDON2_20250421_185500_1878.0s_1881.0s.wav	0
171	Spectrogram 1	1	510.000000000	513.000000000	0.000	24000.000	0.260_158_ELDON2_20250421_185500_1878.0s_1881.0s.wav	0
172	Waveform 1	1	513.000000000	516.000000000	0.000	24000.000	0.271_20_ELDON2_20250512_191500_2499.00s_2502.00s.wav	1
172	Spectrogram 1	1	513.000000000	516.000000000	0.000	24000.000	0.271_20_ELDON2_20250512_191500_2499.00s_2502.00s.wav	1
173	Waveform 1	1	516.000000000	519.000000000	0.000	24000.000	0.272_13_ELDON9_20250510_060502_1515.0s_1518.0s.wav	1
173	Spectrogram 1	1	516.000000000	519.000000000	0.000	24000.000	0.272_13_ELDON9_20250510_060502_1515.0s_1518.0s.wav	1
174	Waveform 1	1	519.000000000	522.000000000	0.000	24000.000	0.276_55_ELDON1_20250510_191300_3009.00s_3012.00s.wav	0
174	Spectrogram 1	1	519.000000000	522.000000000	0.000	24000.000	0.276_55_ELDON1_20250510_191300_3009.00s_3012.00s.wav	0
175	Waveform 1	1	522.000000000	525.000000000	0.000	24000.000	0.277_17_ELDON10_20250513_060302_681.0s_684.0s.wav	0
175	Spectrogram 1	1	522.000000000	525.000000000	0.000	24000.000	0.277_17_ELDON10_20250513_060302_681.0s_684.0s.wav	0
176	Waveform 1	1	525.000000000	528.000000000	0.000	24000.000	0.278_18_ELDON2_20250512_191500_2370.00s_2373.00s.wav	1
176	Spectrogram 1	1	525.000000000	528.000000000	0.000	24000.000	0.278_18_ELDON2_20250512_191500_2370.00s_2373.00s.wav	1
177	Waveform 1	1	528.000000000	531.000000000	0.000	24000.000	0.278_31_ELDON2_20250510_060502_1188.00s_1191.00s.wav	0
177	Spectrogram 1	1	528.000000000	531.000000000	0.000	24000.000	0.278_31_ELDON2_20250510_060502_1188.00s_1191.00s.wav	0
178	Waveform 1	1	531.000000000	534.000000000	0.000	24000.000	0.288_11_ELDON10_20250513_050300_3162.0s_3165.0s.wav	1
178	Spectrogram 1	1	531.000000000	534.000000000	0.000	24000.000	0.288_11_ELDON10_20250513_050300_3162.0s_3165.0s.wav	1
179	Waveform 1	1	534.000000000	537.000000000	0.000	24000.000	0.292_136_ELDON2_20250420_062902_45.0s_48.0s.wav	0
179	Spectrogram 1	1	534.000000000	537.000000000	0.000	24000.000	0.292_136_ELDON2_20250420_062902_45.0s_48.0s.wav	0
180	Waveform 1	1	537.000000000	540.000000000	0.000	24000.000	0.295_5_ELDON9_20250511_191400_1224.0s_1227.0s.wav	0
180	Spectrogram 1	1	537.000000000	540.000000000	0.000	24000.000	0.295_5_ELDON9_20250511_191400_1224.0s_1227.0s.wav	0
181	Waveform 1	1	540.000000000	543.000000000	0.000	24000.000	0.320_271_ELDON2_20250418_053200_2838.0s_2841.0s.wav	0
181	Spectrogram 1	1	540.000000000	543.000000000	0.000	24000.000	0.320_271_ELDON2_20250418_053200_2838.0s_2841.0s.wav	0
182	Waveform 1	1	543.000000000	546.000000000	0.000	24000.000	0.350_14_ELDON2_20250513_060302_1020.00s_1023.00s.wav	1
182	Spectrogram 1	1	543.000000000	546.000000000	0.000	24000.000	0.350_14_ELDON2_20250513_060302_1020.00s_1023.00s.wav	1
183	Waveform 1	1	546.000000000	549.000000000	0.000	24000.000	0.353_3_ELDON10_20250513_050300_3597.0s_3600.0s.wav	1
183	Spectrogram 1	1	546.000000000	549.000000000	0.000	24000.000	0.353_3_ELDON10_20250513_050300_3597.0s_3600.0s.wav	1
184	Waveform 1	1	549.000000000	552.000000000	0.000	24000.000	0.360_15_ELDON9_20250510_060502_1533.0s_1536.0s.wav	0
184	Spectrogram 1	1	549.000000000	552.000000000	0.000	24000.000	0.360_15_ELDON9_20250510_060502_1533.0s_1536.0s.wav	0
185	Waveform 1	1	552.000000000	555.000000000	0.000	24000.000	0.370_74_ELDON2_20250512_060402_1125.00s_1128.00s.wav	0
185	Spectrogram 1	1	552.000000000	555.000000000	0.000	24000.000	0.370_74_ELDON2_20250512_060402_1125.00s_1128.00s.wav	0
186	Waveform 1	1	555.000000000	558.000000000	0.000	24000.000	0.386_25_ELDON9_20250508_191100_402.0s_405.0s.wav	1
186	Spectrogram 1	1	555.000000000	558.000000000	0.000	24000.000	0.386_25_ELDON9_20250508_191100_402.0s_405.0s.wav	1
187	Waveform 1	1	558.000000000	561.000000000	0.000	24000.000	0.443_12_ELDON2_20250513_060302_984.00s_987.00s.wav	1
187	Spectrogram 1	1	558.000000000	561.000000000	0.000	24000.000	0.443_12_ELDON2_20250513_060302_984.00s_987.00s.wav	1
188	Waveform 1	1	561.000000000	564.000000000	0.000	24000.000	0.473_162_ELDON2_20250421_185500_1884.0s_1887.0s.wav	0
188	Spectrogram 1	1	561.000000000	564.000000000	0.000	24000.000	0.473_162_ELDON2_20250421_185500_1884.0s_1887.0s.wav	0
189	Waveform 1	1	564.000000000	567.000000000	0.000	24000.000	0.485_16_ELDON10_20250510_050500_3537.0s_3540.0s.wav	1
189	Spectrogram 1	1	564.000000000	567.000000000	0.000	24000.000	0.485_16_ELDON10_20250510_050500_3537.0s_3540.0s.wav	1
190	Waveform 1	1	567.000000000	570.000000000	0.000	24000.000	0.512_35_ELDON2_20250422_062702_3453.0s_3456.0s.wav	1
190	Spectrogram 1	1	567.000000000	570.000000000	0.000	24000.000	0.512_35_ELDON2_20250422_062702_3453.0s_3456.0s.wav	1
191	Waveform 1	1	570.000000000	573.000000000	0.000	24000.000	0.579_160_ELDON2_20250421_185500_2076.0s_2079.0s.wav	1
191	Spectrogram 1	1	570.000000000	573.000000000	0.000	24000.000	0.579_160_ELDON2_20250421_185500_2076.0s_2079.0s.wav	1
192	Waveform 1	1	573.000000000	576.000000000	0.000	24000.000	0.591_75_ELDON2_20250512_060402_321.00s_324.00s.wav	1
192	Spectrogram 1	1	573.000000000	576.000000000	0.000	24000.000	0.591_75_ELDON2_20250512_060402_321.00s_324.00s.wav	1
193	Waveform 1	1	576.000000000	579.000000000	0.000	24000.000	0.623_342_ELDON2_20250418_063202_2361.0s_2364.0s.wav	1
193	Spectrogram 1	1	576.000000000	579.000000000	0.000	24000.000	0.623_342_ELDON2_20250418_063202_2361.0s_2364.0s.wav	1
194	Waveform 1	1	579.000000000	582.000000000	0.000	24000.000	0.759_159_ELDON2_20250421_185500_1746.0s_1749.0s.wav	1
194	Spectrogram 1	1	579.000000000	582.000000000	0.000	24000.000	0.759_159_ELDON2_20250421_185500_1746.0s_1749.0s.wav	1
195	Waveform 1	1	582.000000000	585.000000000	0.000	24000.000	0.899_12_ELDON3_20250511_201402_768.00s_771.00s.wav	1
195	Spectrogram 1	1	582.000000000	585.000000000	0.000	24000.000	0.899_12_ELDON3_20250511_201402_768.00s_771.00s.wav	1
