Selection	View	Channel	Begin Time (s)	End Time (s)	Low Freq (Hz)	High Freq (Hz)	Begin File	Valid
1	Waveform 1	1	0.000000000	3.000000000	0.0	24000.0	0.100_125_ELDON1_20250421_185500_1695.0s_1698.0s.wav	1
1	Spectrogram 1	1	0.000000000	3.000000000	0.0	24000.0	0.100_125_ELDON1_20250421_185500_1695.0s_1698.0s.wav	1
2	Waveform 1	1	3.000000000	6.000000000	0.0	24000.0	0.101_131_ELDON2_20250421_185500_3447.0s_3450.0s.wav	1
2	Spectrogram 1	1	3.000000000	6.000000000	0.0	24000.0	0.101_131_ELDON2_20250421_185500_3447.0s_3450.0s.wav	1
3	Waveform 1	1	6.000000000	9.000000000	0.0	24000.0	0.101_1_ELDON6_20250419_053100_2985.0s_2988.0s.wav	1
3	Spectrogram 1	1	6.000000000	9.000000000	0.0	24000.0	0.101_1_ELDON6_20250419_053100_2985.0s_2988.0s.wav	1
4	Waveform 1	1	9.000000000	12.000000000	0.0	24000.0	0.101_20_ELDON4_20250420_195402_633.0s_636.0s.wav	0
4	Spectrogram 1	1	9.000000000	12.000000000	0.0	24000.0	0.101_20_ELDON4_20250420_195402_633.0s_636.0s.wav	0
5	Waveform 1	1	12.000000000	15.000000000	0.0	24000.0	0.101_34_ELDON5_20250418_063202_1905.0s_1908.0s.wav	1
5	Spectrogram 1	1	12.000000000	15.000000000	0.0	24000.0	0.101_34_ELDON5_20250418_063202_1905.0s_1908.0s.wav	1
6	Waveform 1	1	15.000000000	18.000000000	0.0	24000.0	0.101_79_ELDON3_20250421_195502_756.0s_759.0s.wav	0
6	Spectrogram 1	1	15.000000000	18.000000000	0.0	24000.0	0.101_79_ELDON3_20250421_195502_756.0s_759.0s.wav	0
7	Waveform 1	1	18.000000000	21.000000000	0.0	24000.0	0.102_139_ELDON2_20250421_185500_1731.0s_1734.0s.wav	1
7	Spectrogram 1	1	18.000000000	21.000000000	0.0	24000.0	0.102_139_ELDON2_20250421_185500_1731.0s_1734.0s.wav	1
8	Waveform 1	1	21.000000000	24.000000000	0.0	24000.0	0.102_25_ELDON3_20250424_062402_942.0s_945.0s.wav	1
8	Spectrogram 1	1	21.000000000	24.000000000	0.0	24000.0	0.102_25_ELDON3_20250424_062402_942.0s_945.0s.wav	1
9	Waveform 1	1	24.000000000	27.000000000	0.0	24000.0	0.102_3_ELDON1_20250430_061602_678.0s_681.0s.wav	1
9	Spectrogram 1	1	24.000000000	27.000000000	0.0	24000.0	0.102_3_ELDON1_20250430_061602_678.0s_681.0s.wav	1
10	Waveform 1	1	27.000000000	30.000000000	0.0	24000.0	0.102_65_ELDON5_20250418_063202_339.0s_342.0s.wav	1
10	Spectrogram 1	1	27.000000000	30.000000000	0.0	24000.0	0.102_65_ELDON5_20250418_063202_339.0s_342.0s.wav	1
11	Waveform 1	1	30.000000000	33.000000000	0.0	24000.0	0.102_9_ELDON2_20250428_051900_1392.0s_1395.0s.wav	0
11	Spectrogram 1	1	30.000000000	33.000000000	0.0	24000.0	0.102_9_ELDON2_20250428_051900_1392.0s_1395.0s.wav	0
12	Waveform 1	1	33.000000000	36.000000000	0.0	24000.0	0.103_178_ELDON2_20250418_053200_636.0s_639.0s.wav	0
12	Spectrogram 1	1	33.000000000	36.000000000	0.0	24000.0	0.103_178_ELDON2_20250418_053200_636.0s_639.0s.wav	0
13	Waveform 1	1	36.000000000	39.000000000	0.0	24000.0	0.103_208_ELDON10_20250421_185500_2790.0s_2793.0s.wav	1
13	Spectrogram 1	1	36.000000000	39.000000000	0.0	24000.0	0.103_208_ELDON10_20250421_185500_2790.0s_2793.0s.wav	1
14	Waveform 1	1	39.000000000	42.000000000	0.0	24000.0	0.103_90_ELDON1_20250421_185500_2385.0s_2388.0s.wav	1
14	Spectrogram 1	1	39.000000000	42.000000000	0.0	24000.0	0.103_90_ELDON1_20250421_185500_2385.0s_2388.0s.wav	1
15	Waveform 1	1	42.000000000	45.000000000	0.0	24000.0	0.104_15_ELDON6_20250418_053200_3549.0s_3552.0s.wav	1
15	Spectrogram 1	1	42.000000000	45.000000000	0.0	24000.0	0.104_15_ELDON6_20250418_053200_3549.0s_3552.0s.wav	1
16	Waveform 1	1	45.000000000	48.000000000	0.0	24000.0	0.104_5_ELDON2_20250428_200202_750.0s_753.0s.wav	1
16	Spectrogram 1	1	45.000000000	48.000000000	0.0	24000.0	0.104_5_ELDON2_20250428_200202_750.0s_753.0s.wav	1
17	Waveform 1	1	48.000000000	51.000000000	0.0	24000.0	0.105_60_ELDON3_20250421_195502_912.0s_915.0s.wav	1
17	Spectrogram 1	1	48.000000000	51.000000000	0.0	24000.0	0.105_60_ELDON3_20250421_195502_912.0s_915.0s.wav	1
18	Waveform 1	1	51.000000000	54.000000000	0.0	24000.0	0.105_7_ELDON2_20250428_200202_1086.0s_1089.0s.wav	0
18	Spectrogram 1	1	51.000000000	54.000000000	0.0	24000.0	0.105_7_ELDON2_20250428_200202_1086.0s_1089.0s.wav	0
19	Waveform 1	1	54.000000000	57.000000000	0.0	24000.0	0.106_124_ELDON2_20250421_185500_2256.0s_2259.0s.wav	1
19	Spectrogram 1	1	54.000000000	57.000000000	0.0	24000.0	0.106_124_ELDON2_20250421_185500_2256.0s_2259.0s.wav	1
20	Waveform 1	1	57.000000000	60.000000000	0.0	24000.0	0.106_15_ELDON3_20250424_195802_603.0s_606.0s.wav	1
20	Spectrogram 1	1	57.000000000	60.000000000	0.0	24000.0	0.106_15_ELDON3_20250424_195802_603.0s_606.0s.wav	1
21	Waveform 1	1	60.000000000	63.000000000	0.0	24000.0	0.106_19_ELDON6_20250418_063202_1644.0s_1647.0s.wav	1
21	Spectrogram 1	1	60.000000000	63.000000000	0.0	24000.0	0.106_19_ELDON6_20250418_063202_1644.0s_1647.0s.wav	1
22	Waveform 1	1	63.000000000	66.000000000	0.0	24000.0	0.106_1_ELDON1_20250424_185800_3384.0s_3387.0s.wav	0
22	Spectrogram 1	1	63.000000000	66.000000000	0.0	24000.0	0.106_1_ELDON1_20250424_185800_3384.0s_3387.0s.wav	0
23	Waveform 1	1	66.000000000	69.000000000	0.0	24000.0	0.106_21_ELDON5_20250421_185500_2718.0s_2721.0s.wav	1
23	Spectrogram 1	1	66.000000000	69.000000000	0.0	24000.0	0.106_21_ELDON5_20250421_185500_2718.0s_2721.0s.wav	1
24	Waveform 1	1	69.000000000	72.000000000	0.0	24000.0	0.106_64_ELDON4_20250421_185500_1140.0s_1143.0s.wav	0
24	Spectrogram 1	1	69.000000000	72.000000000	0.0	24000.0	0.106_64_ELDON4_20250421_185500_1140.0s_1143.0s.wav	0
25	Waveform 1	1	72.000000000	75.000000000	0.0	24000.0	0.106_80_ELDON1_20250420_185400_1695.0s_1698.0s.wav	1
25	Spectrogram 1	1	72.000000000	75.000000000	0.0	24000.0	0.106_80_ELDON1_20250420_185400_1695.0s_1698.0s.wav	1
26	Waveform 1	1	75.000000000	78.000000000	0.0	24000.0	0.107_210_ELDON2_20250417_195102_894.0s_897.0s.wav	1
26	Spectrogram 1	1	75.000000000	78.000000000	0.0	24000.0	0.107_210_ELDON2_20250417_195102_894.0s_897.0s.wav	1
27	Waveform 1	1	78.000000000	81.000000000	0.0	24000.0	0.107_9_ELDON2_20250429_061802_3108.0s_3111.0s.wav	0
27	Spectrogram 1	1	78.000000000	81.000000000	0.0	24000.0	0.107_9_ELDON2_20250429_061802_3108.0s_3111.0s.wav	0
28	Waveform 1	1	81.000000000	84.000000000	0.0	24000.0	0.108_17_ELDON5_20250418_053200_2931.0s_2934.0s.wav	1
28	Spectrogram 1	1	81.000000000	84.000000000	0.0	24000.0	0.108_17_ELDON5_20250418_053200_2931.0s_2934.0s.wav	1
29	Waveform 1	1	84.000000000	87.000000000	0.0	24000.0	0.108_19_ELDON6_20250420_062902_3396.0s_3399.0s.wav	1
29	Spectrogram 1	1	84.000000000	87.000000000	0.0	24000.0	0.108_19_ELDON6_20250420_062902_3396.0s_3399.0s.wav	1
30	Waveform 1	1	87.000000000	90.000000000	0.0	24000.0	0.108_230_ELDON3_20250418_063202_2853.0s_2856.0s.wav	1
30	Spectrogram 1	1	87.000000000	90.000000000	0.0	24000.0	0.108_230_ELDON3_20250418_063202_2853.0s_2856.0s.wav	1
31	Waveform 1	1	90.000000000	93.000000000	0.0	24000.0	0.109_153_ELDON10_20250421_185500_2601.0s_2604.0s.wav	1
31	Spectrogram 1	1	90.000000000	93.000000000	0.0	24000.0	0.109_153_ELDON10_20250421_185500_2601.0s_2604.0s.wav	1
32	Waveform 1	1	93.000000000	96.000000000	0.0	24000.0	0.109_208_ELDON2_20250417_195102_1092.0s_1095.0s.wav	0
32	Spectrogram 1	1	93.000000000	96.000000000	0.0	24000.0	0.109_208_ELDON2_20250417_195102_1092.0s_1095.0s.wav	0
33	Waveform 1	1	96.000000000	99.000000000	0.0	24000.0	0.109_5_ELDON1_20250423_185700_2700.0s_2703.0s.wav	0
33	Spectrogram 1	1	96.000000000	99.000000000	0.0	24000.0	0.109_5_ELDON1_20250423_185700_2700.0s_2703.0s.wav	0
34	Waveform 1	1	99.000000000	102.000000000	0.0	24000.0	0.109_76_ELDON1_20250420_185400_759.0s_762.0s.wav	1
34	Spectrogram 1	1	99.000000000	102.000000000	0.0	24000.0	0.109_76_ELDON1_20250420_185400_759.0s_762.0s.wav	1
35	Waveform 1	1	102.000000000	105.000000000	0.0	24000.0	0.110_149_ELDON4_20250418_053200_2223.0s_2226.0s.wav	1
35	Spectrogram 1	1	102.000000000	105.000000000	0.0	24000.0	0.110_149_ELDON4_20250418_053200_2223.0s_2226.0s.wav	1
36	Waveform 1	1	105.000000000	108.000000000	0.0	24000.0	0.110_268_ELDON2_20250418_063202_2718.0s_2721.0s.wav	1
36	Spectrogram 1	1	105.000000000	108.000000000	0.0	24000.0	0.110_268_ELDON2_20250418_063202_2718.0s_2721.0s.wav	1
37	Waveform 1	1	108.000000000	111.000000000	0.0	24000.0	0.110_3_ELDON3_20250423_185700_3588.0s_3591.0s.wav	1
37	Spectrogram 1	1	108.000000000	111.000000000	0.0	24000.0	0.110_3_ELDON3_20250423_185700_3588.0s_3591.0s.wav	1
38	Waveform 1	1	111.000000000	114.000000000	0.0	24000.0	0.111_3_ELDON2_20250424_052400_1476.0s_1479.0s.wav	0
38	Spectrogram 1	1	111.000000000	114.000000000	0.0	24000.0	0.111_3_ELDON2_20250424_052400_1476.0s_1479.0s.wav	0
39	Waveform 1	1	114.000000000	117.000000000	0.0	24000.0	0.111_44_ELDON5_20250418_063202_3432.0s_3435.0s.wav	1
39	Spectrogram 1	1	114.000000000	117.000000000	0.0	24000.0	0.111_44_ELDON5_20250418_063202_3432.0s_3435.0s.wav	1
40	Waveform 1	1	117.000000000	120.000000000	0.0	24000.0	0.111_544_ELDON1_20250418_063202_3042.0s_3045.0s.wav	1
40	Spectrogram 1	1	117.000000000	120.000000000	0.0	24000.0	0.111_544_ELDON1_20250418_063202_3042.0s_3045.0s.wav	1
41	Waveform 1	1	120.000000000	123.000000000	0.0	24000.0	0.112_15_ELDON2_20250428_051900_1350.0s_1353.0s.wav	1
41	Spectrogram 1	1	120.000000000	123.000000000	0.0	24000.0	0.112_15_ELDON2_20250428_051900_1350.0s_1353.0s.wav	1
42	Waveform 1	1	123.000000000	126.000000000	0.0	24000.0	0.112_161_ELDON3_20250418_053200_1899.0s_1902.0s.wav	1
42	Spectrogram 1	1	123.000000000	126.000000000	0.0	24000.0	0.112_161_ELDON3_20250418_053200_1899.0s_1902.0s.wav	1
43	Waveform 1	1	126.000000000	129.000000000	0.0	24000.0	0.113_51_ELDON1_20250419_195302_180.0s_183.0s.wav	1
43	Spectrogram 1	1	126.000000000	129.000000000	0.0	24000.0	0.113_51_ELDON1_20250419_195302_180.0s_183.0s.wav	1
44	Waveform 1	1	129.000000000	132.000000000	0.0	24000.0	0.113_58_ELDON4_20250418_063202_2409.0s_2412.0s.wav	1
44	Spectrogram 1	1	129.000000000	132.000000000	0.0	24000.0	0.113_58_ELDON4_20250418_063202_2409.0s_2412.0s.wav	1
45	Waveform 1	1	132.000000000	135.000000000	0.0	24000.0	0.114_196_ELDON10_20250421_185500_3294.0s_3297.0s.wav	1
45	Spectrogram 1	1	132.000000000	135.000000000	0.0	24000.0	0.114_196_ELDON10_20250421_185500_3294.0s_3297.0s.wav	1
46	Waveform 1	1	135.000000000	138.000000000	0.0	24000.0	0.114_270_ELDON2_20250418_063202_636.0s_639.0s.wav	0
46	Spectrogram 1	1	135.000000000	138.000000000	0.0	24000.0	0.114_270_ELDON2_20250418_063202_636.0s_639.0s.wav	0
47	Waveform 1	1	138.000000000	141.000000000	0.0	24000.0	0.115_118_ELDON1_20250421_185500_2520.0s_2523.0s.wav	1
47	Spectrogram 1	1	138.000000000	141.000000000	0.0	24000.0	0.115_118_ELDON1_20250421_185500_2520.0s_2523.0s.wav	1
48	Waveform 1	1	141.000000000	144.000000000	0.0	24000.0	0.115_12_ELDON1_20250422_052700_3084.0s_3087.0s.wav	1
48	Spectrogram 1	1	141.000000000	144.000000000	0.0	24000.0	0.115_12_ELDON1_20250422_052700_3084.0s_3087.0s.wav	1
49	Waveform 1	1	144.000000000	147.000000000	0.0	24000.0	0.115_15_ELDON3_20250423_052500_1491.0s_1494.0s.wav	1
49	Spectrogram 1	1	144.000000000	147.000000000	0.0	24000.0	0.115_15_ELDON3_20250423_052500_1491.0s_1494.0s.wav	1
50	Waveform 1	1	147.000000000	150.000000000	0.0	24000.0	0.116_14_ELDON5_20250421_185500_3291.0s_3294.0s.wav	1
50	Spectrogram 1	1	147.000000000	150.000000000	0.0	24000.0	0.116_14_ELDON5_20250421_185500_3291.0s_3294.0s.wav	1
51	Waveform 1	1	150.000000000	153.000000000	0.0	24000.0	0.117_31_ELDON3_20250417_195102_921.0s_924.0s.wav	1
51	Spectrogram 1	1	150.000000000	153.000000000	0.0	24000.0	0.117_31_ELDON3_20250417_195102_921.0s_924.0s.wav	1
52	Waveform 1	1	153.000000000	156.000000000	0.0	24000.0	0.117_6_ELDON2_20250428_200202_1041.0s_1044.0s.wav	1
52	Spectrogram 1	1	153.000000000	156.000000000	0.0	24000.0	0.117_6_ELDON2_20250428_200202_1041.0s_1044.0s.wav	1
53	Waveform 1	1	156.000000000	159.000000000	0.0	24000.0	0.118_31_ELDON3_20250422_062702_2598.0s_2601.0s.wav	1
53	Spectrogram 1	1	156.000000000	159.000000000	0.0	24000.0	0.118_31_ELDON3_20250422_062702_2598.0s_2601.0s.wav	1
54	Waveform 1	1	159.000000000	162.000000000	0.0	24000.0	0.119_512_ELDON1_20250418_063202_2904.0s_2907.0s.wav	0
54	Spectrogram 1	1	159.000000000	162.000000000	0.0	24000.0	0.119_512_ELDON1_20250418_063202_2904.0s_2907.0s.wav	0
55	Waveform 1	1	162.000000000	165.000000000	0.0	24000.0	0.119_7_ELDON6_20250421_195502_162.0s_165.0s.wav	0
55	Spectrogram 1	1	162.000000000	165.000000000	0.0	24000.0	0.119_7_ELDON6_20250421_195502_162.0s_165.0s.wav	0
56	Waveform 1	1	165.000000000	168.000000000	0.0	24000.0	0.120_106_ELDON2_20250421_195502_780.0s_783.0s.wav	1
56	Spectrogram 1	1	165.000000000	168.000000000	0.0	24000.0	0.120_106_ELDON2_20250421_195502_780.0s_783.0s.wav	1
57	Waveform 1	1	168.000000000	171.000000000	0.0	24000.0	0.120_15_ELDON5_20250421_185500_3267.0s_3270.0s.wav	1
57	Spectrogram 1	1	168.000000000	171.000000000	0.0	24000.0	0.120_15_ELDON5_20250421_185500_3267.0s_3270.0s.wav	1
58	Waveform 1	1	171.000000000	174.000000000	0.0	24000.0	0.120_26_ELDON4_20250421_062802_1176.0s_1179.0s.wav	1
58	Spectrogram 1	1	171.000000000	174.000000000	0.0	24000.0	0.120_26_ELDON4_20250421_062802_1176.0s_1179.0s.wav	1
59	Waveform 1	1	174.000000000	177.000000000	0.0	24000.0	0.120_6_ELDON1_20250430_200402_990.0s_993.0s.wav	1
59	Spectrogram 1	1	174.000000000	177.000000000	0.0	24000.0	0.120_6_ELDON1_20250430_200402_990.0s_993.0s.wav	1
60	Waveform 1	1	177.000000000	180.000000000	0.0	24000.0	0.121_6_ELDON2_20250425_052300_45.0s_48.0s.wav	0
60	Spectrogram 1	1	177.000000000	180.000000000	0.0	24000.0	0.121_6_ELDON2_20250425_052300_45.0s_48.0s.wav	0
61	Waveform 1	1	180.000000000	183.000000000	0.0	24000.0	0.122_15_ELDON1_20250422_062702_3417.0s_3420.0s.wav	1
61	Spectrogram 1	1	180.000000000	183.000000000	0.0	24000.0	0.122_15_ELDON1_20250422_062702_3417.0s_3420.0s.wav	1
62	Waveform 1	1	183.000000000	186.000000000	0.0	24000.0	0.122_18_ELDON3_20250422_052700_1452.0s_1455.0s.wav	1
62	Spectrogram 1	1	183.000000000	186.000000000	0.0	24000.0	0.122_18_ELDON3_20250422_052700_1452.0s_1455.0s.wav	1
63	Waveform 1	1	186.000000000	189.000000000	0.0	24000.0	0.122_42_ELDON5_20250421_062802_3333.0s_3336.0s.wav	1
63	Spectrogram 1	1	186.000000000	189.000000000	0.0	24000.0	0.122_42_ELDON5_20250421_062802_3333.0s_3336.0s.wav	1
64	Waveform 1	1	189.000000000	192.000000000	0.0	24000.0	0.122_94_ELDON3_20250419_185300_1488.0s_1491.0s.wav	1
64	Spectrogram 1	1	189.000000000	192.000000000	0.0	24000.0	0.122_94_ELDON3_20250419_185300_1488.0s_1491.0s.wav	1
65	Waveform 1	1	192.000000000	195.000000000	0.0	24000.0	0.124_1_ELDON6_20250421_195502_552.0s_555.0s.wav	1
65	Spectrogram 1	1	192.000000000	195.000000000	0.0	24000.0	0.124_1_ELDON6_20250421_195502_552.0s_555.0s.wav	1
66	Waveform 1	1	195.000000000	198.000000000	0.0	24000.0	0.125_145_ELDON4_20250418_053200_3408.0s_3411.0s.wav	1
66	Spectrogram 1	1	195.000000000	198.000000000	0.0	24000.0	0.125_145_ELDON4_20250418_053200_3408.0s_3411.0s.wav	1
67	Waveform 1	1	198.000000000	201.000000000	0.0	24000.0	0.125_25_ELDON5_20250420_185400_2721.0s_2724.0s.wav	1
67	Spectrogram 1	1	198.000000000	201.000000000	0.0	24000.0	0.125_25_ELDON5_20250420_185400_2721.0s_2724.0s.wav	1
68	Waveform 1	1	201.000000000	204.000000000	0.0	24000.0	0.125_6_ELDON2_20250427_200102_885.0s_888.0s.wav	1
68	Spectrogram 1	1	201.000000000	204.000000000	0.0	24000.0	0.125_6_ELDON2_20250427_200102_885.0s_888.0s.wav	1
69	Waveform 1	1	204.000000000	207.000000000	0.0	24000.0	0.125_84_ELDON1_20250420_185400_762.0s_765.0s.wav	0
69	Spectrogram 1	1	204.000000000	207.000000000	0.0	24000.0	0.125_84_ELDON1_20250420_185400_762.0s_765.0s.wav	0
70	Waveform 1	1	207.000000000	210.000000000	0.0	24000.0	0.126_122_ELDON3_20250421_185500_2484.0s_2487.0s.wav	1
70	Spectrogram 1	1	207.000000000	210.000000000	0.0	24000.0	0.126_122_ELDON3_20250421_185500_2484.0s_2487.0s.wav	1
71	Waveform 1	1	210.000000000	213.000000000	0.0	24000.0	0.126_35_ELDON3_20250422_062702_126.0s_129.0s.wav	1
71	Spectrogram 1	1	210.000000000	213.000000000	0.0	24000.0	0.126_35_ELDON3_20250422_062702_126.0s_129.0s.wav	1
72	Waveform 1	1	213.000000000	216.000000000	0.0	24000.0	0.128_140_ELDON2_20250421_185500_2910.0s_2913.0s.wav	1
72	Spectrogram 1	1	213.000000000	216.000000000	0.0	24000.0	0.128_140_ELDON2_20250421_185500_2910.0s_2913.0s.wav	1
73	Waveform 1	1	216.000000000	219.000000000	0.0	24000.0	0.128_530_ELDON1_20250418_063202_369.0s_372.0s.wav	1
73	Spectrogram 1	1	216.000000000	219.000000000	0.0	24000.0	0.128_530_ELDON1_20250418_063202_369.0s_372.0s.wav	1
74	Waveform 1	1	219.000000000	222.000000000	0.0	24000.0	0.129_16_ELDON6_20250418_063202_2136.0s_2139.0s.wav	1
74	Spectrogram 1	1	219.000000000	222.000000000	0.0	24000.0	0.129_16_ELDON6_20250418_063202_2136.0s_2139.0s.wav	1
75	Waveform 1	1	222.000000000	225.000000000	0.0	24000.0	0.129_191_ELDON10_20250421_185500_1878.0s_1881.0s.wav	1
75	Spectrogram 1	1	222.000000000	225.000000000	0.0	24000.0	0.129_191_ELDON10_20250421_185500_1878.0s_1881.0s.wav	1
76	Waveform 1	1	225.000000000	228.000000000	0.0	24000.0	0.129_47_ELDON5_20250421_062802_1767.0s_1770.0s.wav	1
76	Spectrogram 1	1	225.000000000	228.000000000	0.0	24000.0	0.129_47_ELDON5_20250421_062802_1767.0s_1770.0s.wav	1
77	Waveform 1	1	228.000000000	231.000000000	0.0	24000.0	0.130_1_ELDON1_20250430_061602_1776.0s_1779.0s.wav	1
77	Spectrogram 1	1	228.000000000	231.000000000	0.0	24000.0	0.130_1_ELDON1_20250430_061602_1776.0s_1779.0s.wav	1
78	Waveform 1	1	231.000000000	234.000000000	0.0	24000.0	0.130_7_ELDON2_20250425_052300_36.0s_39.0s.wav	0
78	Spectrogram 1	1	231.000000000	234.000000000	0.0	24000.0	0.130_7_ELDON2_20250425_052300_36.0s_39.0s.wav	0
79	Waveform 1	1	234.000000000	237.000000000	0.0	24000.0	0.132_8_ELDON1_20250430_200402_1170.0s_1173.0s.wav	1
79	Spectrogram 1	1	234.000000000	237.000000000	0.0	24000.0	0.132_8_ELDON1_20250430_200402_1170.0s_1173.0s.wav	1
80	Waveform 1	1	237.000000000	240.000000000	0.0	24000.0	0.133_111_ELDON1_20250421_185500_1962.0s_1965.0s.wav	1
80	Spectrogram 1	1	237.000000000	240.000000000	0.0	24000.0	0.133_111_ELDON1_20250421_185500_1962.0s_1965.0s.wav	1
81	Waveform 1	1	240.000000000	243.000000000	0.0	24000.0	0.133_11_ELDON2_20250422_062702_3444.0s_3447.0s.wav	1
81	Spectrogram 1	1	240.000000000	243.000000000	0.0	24000.0	0.133_11_ELDON2_20250422_062702_3444.0s_3447.0s.wav	1
82	Waveform 1	1	243.000000000	246.000000000	0.0	24000.0	0.133_123_ELDON2_20250421_185500_1311.0s_1314.0s.wav	1
82	Spectrogram 1	1	243.000000000	246.000000000	0.0	24000.0	0.133_123_ELDON2_20250421_185500_1311.0s_1314.0s.wav	1
83	Waveform 1	1	246.000000000	249.000000000	0.0	24000.0	0.133_21_ELDON3_20250423_052500_900.0s_903.0s.wav	0
83	Spectrogram 1	1	246.000000000	249.000000000	0.0	24000.0	0.133_21_ELDON3_20250423_052500_900.0s_903.0s.wav	0
84	Waveform 1	1	249.000000000	252.000000000	0.0	24000.0	0.133_279_ELDON3_20250418_063202_3030.0s_3033.0s.wav	1
84	Spectrogram 1	1	249.000000000	252.000000000	0.0	24000.0	0.133_279_ELDON3_20250418_063202_3030.0s_3033.0s.wav	1
85	Waveform 1	1	252.000000000	255.000000000	0.0	24000.0	0.135_30_ELDON6_20250421_062802_2373.0s_2376.0s.wav	0
85	Spectrogram 1	1	252.000000000	255.000000000	0.0	24000.0	0.135_30_ELDON6_20250421_062802_2373.0s_2376.0s.wav	0
86	Waveform 1	1	255.000000000	258.000000000	0.0	24000.0	0.135_50_ELDON5_20250418_063202_972.0s_975.0s.wav	1
86	Spectrogram 1	1	255.000000000	258.000000000	0.0	24000.0	0.135_50_ELDON5_20250418_063202_972.0s_975.0s.wav	1
87	Waveform 1	1	258.000000000	261.000000000	0.0	24000.0	0.136_35_ELDON1_20250422_062702_1659.0s_1662.0s.wav	1
87	Spectrogram 1	1	258.000000000	261.000000000	0.0	24000.0	0.136_35_ELDON1_20250422_062702_1659.0s_1662.0s.wav	1
88	Waveform 1	1	261.000000000	264.000000000	0.0	24000.0	0.136_71_ELDON4_20250421_185500_3051.0s_3054.0s.wav	1
88	Spectrogram 1	1	261.000000000	264.000000000	0.0	24000.0	0.136_71_ELDON4_20250421_185500_3051.0s_3054.0s.wav	1
89	Waveform 1	1	264.000000000	267.000000000	0.0	24000.0	0.137_548_ELDON1_20250418_063202_2196.0s_2199.0s.wav	1
89	Spectrogram 1	1	264.000000000	267.000000000	0.0	24000.0	0.137_548_ELDON1_20250418_063202_2196.0s_2199.0s.wav	1
90	Waveform 1	1	267.000000000	270.000000000	0.0	24000.0	0.137_7_ELDON3_20250424_195802_639.0s_642.0s.wav	1
90	Spectrogram 1	1	267.000000000	270.000000000	0.0	24000.0	0.137_7_ELDON3_20250424_195802_639.0s_642.0s.wav	1
91	Waveform 1	1	270.000000000	273.000000000	0.0	24000.0	0.138_42_ELDON3_20250420_195402_3252.0s_3255.0s.wav	0
91	Spectrogram 1	1	270.000000000	273.000000000	0.0	24000.0	0.138_42_ELDON3_20250420_195402_3252.0s_3255.0s.wav	0
92	Waveform 1	1	273.000000000	276.000000000	0.0	24000.0	0.139_206_ELDON2_20250417_195102_936.0s_939.0s.wav	1
92	Spectrogram 1	1	273.000000000	276.000000000	0.0	24000.0	0.139_206_ELDON2_20250417_195102_936.0s_939.0s.wav	1
93	Waveform 1	1	276.000000000	279.000000000	0.0	24000.0	0.139_3_ELDON1_20250425_062302_2058.0s_2061.0s.wav	0
93	Spectrogram 1	1	276.000000000	279.000000000	0.0	24000.0	0.139_3_ELDON1_20250425_062302_2058.0s_2061.0s.wav	0
94	Waveform 1	1	279.000000000	282.000000000	0.0	24000.0	0.139_4_ELDON2_20250424_062402_2898.0s_2901.0s.wav	1
94	Spectrogram 1	1	279.000000000	282.000000000	0.0	24000.0	0.139_4_ELDON2_20250424_062402_2898.0s_2901.0s.wav	1
95	Waveform 1	1	282.000000000	285.000000000	0.0	24000.0	0.140_28_ELDON6_20250421_185500_2025.0s_2028.0s.wav	0
95	Spectrogram 1	1	282.000000000	285.000000000	0.0	24000.0	0.140_28_ELDON6_20250421_185500_2025.0s_2028.0s.wav	0
96	Waveform 1	1	285.000000000	288.000000000	0.0	24000.0	0.140_32_ELDON3_20250422_062702_1680.0s_1683.0s.wav	1
96	Spectrogram 1	1	285.000000000	288.000000000	0.0	24000.0	0.140_32_ELDON3_20250422_062702_1680.0s_1683.0s.wav	1
97	Waveform 1	1	288.000000000	291.000000000	0.0	24000.0	0.140_56_ELDON5_20250418_063202_15.0s_18.0s.wav	1
97	Spectrogram 1	1	288.000000000	291.000000000	0.0	24000.0	0.140_56_ELDON5_20250418_063202_15.0s_18.0s.wav	1
98	Waveform 1	1	291.000000000	294.000000000	0.0	24000.0	0.141_144_ELDON1_20250421_185500_1974.0s_1977.0s.wav	1
98	Spectrogram 1	1	291.000000000	294.000000000	0.0	24000.0	0.141_144_ELDON1_20250421_185500_1974.0s_1977.0s.wav	1
99	Waveform 1	1	294.000000000	297.000000000	0.0	24000.0	0.141_27_ELDON4_20250421_062802_1572.0s_1575.0s.wav	1
99	Spectrogram 1	1	294.000000000	297.000000000	0.0	24000.0	0.141_27_ELDON4_20250421_062802_1572.0s_1575.0s.wav	1
100	Waveform 1	1	297.000000000	300.000000000	0.0	24000.0	0.142_174_ELDON10_20250421_185500_2574.0s_2577.0s.wav	1
100	Spectrogram 1	1	297.000000000	300.000000000	0.0	24000.0	0.142_174_ELDON10_20250421_185500_2574.0s_2577.0s.wav	1
101	Waveform 1	1	300.000000000	303.000000000	0.0	24000.0	0.142_37_ELDON1_20250422_062702_2643.0s_2646.0s.wav	1
101	Spectrogram 1	1	300.000000000	303.000000000	0.0	24000.0	0.142_37_ELDON1_20250422_062702_2643.0s_2646.0s.wav	1
102	Waveform 1	1	303.000000000	306.000000000	0.0	24000.0	0.143_189_ELDON2_20250418_053200_3504.0s_3507.0s.wav	0
102	Spectrogram 1	1	303.000000000	306.000000000	0.0	24000.0	0.143_189_ELDON2_20250418_053200_3504.0s_3507.0s.wav	0
103	Waveform 1	1	306.000000000	309.000000000	0.0	24000.0	0.143_189_ELDON3_20250421_062802_3324.0s_3327.0s.wav	1
103	Spectrogram 1	1	306.000000000	309.000000000	0.0	24000.0	0.143_189_ELDON3_20250421_062802_3324.0s_3327.0s.wav	1
104	Waveform 1	1	309.000000000	312.000000000	0.0	24000.0	0.143_49_ELDON4_20250418_063202_1569.0s_1572.0s.wav	1
104	Spectrogram 1	1	309.000000000	312.000000000	0.0	24000.0	0.143_49_ELDON4_20250418_063202_1569.0s_1572.0s.wav	1
105	Waveform 1	1	312.000000000	315.000000000	0.0	24000.0	0.144_6_ELDON2_20250422_052700_2559.0s_2562.0s.wav	1
105	Spectrogram 1	1	312.000000000	315.000000000	0.0	24000.0	0.144_6_ELDON2_20250422_052700_2559.0s_2562.0s.wav	1
106	Waveform 1	1	315.000000000	318.000000000	0.0	24000.0	0.145_119_ELDON1_20250421_185500_2181.0s_2184.0s.wav	1
106	Spectrogram 1	1	315.000000000	318.000000000	0.0	24000.0	0.145_119_ELDON1_20250421_185500_2181.0s_2184.0s.wav	1
107	Waveform 1	1	318.000000000	321.000000000	0.0	24000.0	0.147_18_ELDON5_20250418_053200_2139.0s_2142.0s.wav	1
107	Spectrogram 1	1	318.000000000	321.000000000	0.0	24000.0	0.147_18_ELDON5_20250418_053200_2139.0s_2142.0s.wav	1
108	Waveform 1	1	321.000000000	324.000000000	0.0	24000.0	0.147_28_ELDON4_20250420_062902_207.0s_210.0s.wav	1
108	Spectrogram 1	1	321.000000000	324.000000000	0.0	24000.0	0.147_28_ELDON4_20250420_062902_207.0s_210.0s.wav	1
109	Waveform 1	1	324.000000000	327.000000000	0.0	24000.0	0.149_9_ELDON2_20250422_062702_1515.0s_1518.0s.wav	1
109	Spectrogram 1	1	324.000000000	327.000000000	0.0	24000.0	0.149_9_ELDON2_20250422_062702_1515.0s_1518.0s.wav	1
110	Waveform 1	1	327.000000000	330.000000000	0.0	24000.0	0.150_11_ELDON1_20250422_062702_210.0s_213.0s.wav	1
110	Spectrogram 1	1	327.000000000	330.000000000	0.0	24000.0	0.150_11_ELDON1_20250422_062702_210.0s_213.0s.wav	1
111	Waveform 1	1	330.000000000	333.000000000	0.0	24000.0	0.150_35_ELDON4_20250419_063102_2625.0s_2628.0s.wav	1
111	Spectrogram 1	1	330.000000000	333.000000000	0.0	24000.0	0.150_35_ELDON4_20250419_063102_2625.0s_2628.0s.wav	1
112	Waveform 1	1	333.000000000	336.000000000	0.0	24000.0	0.151_161_ELDON3_20250420_185400_426.0s_429.0s.wav	1
112	Spectrogram 1	1	333.000000000	336.000000000	0.0	24000.0	0.151_161_ELDON3_20250420_185400_426.0s_429.0s.wav	1
113	Waveform 1	1	336.000000000	339.000000000	0.0	24000.0	0.152_72_ELDON5_20250418_063202_1863.0s_1866.0s.wav	1
113	Spectrogram 1	1	336.000000000	339.000000000	0.0	24000.0	0.152_72_ELDON5_20250418_063202_1863.0s_1866.0s.wav	1
114	Waveform 1	1	339.000000000	342.000000000	0.0	24000.0	0.154_226_ELDON2_20250420_195402_3351.0s_3354.0s.wav	0
114	Spectrogram 1	1	339.000000000	342.000000000	0.0	24000.0	0.154_226_ELDON2_20250420_195402_3351.0s_3354.0s.wav	0
115	Waveform 1	1	342.000000000	345.000000000	0.0	24000.0	0.154_23_ELDON6_20250418_063202_2217.0s_2220.0s.wav	0
115	Spectrogram 1	1	342.000000000	345.000000000	0.0	24000.0	0.154_23_ELDON6_20250418_063202_2217.0s_2220.0s.wav	0
116	Waveform 1	1	345.000000000	348.000000000	0.0	24000.0	0.154_4_ELDON2_20250423_052500_1323.0s_1326.0s.wav	1
116	Spectrogram 1	1	345.000000000	348.000000000	0.0	24000.0	0.154_4_ELDON2_20250423_052500_1323.0s_1326.0s.wav	1
117	Waveform 1	1	348.000000000	351.000000000	0.0	24000.0	0.154_82_ELDON1_20250420_185400_756.0s_759.0s.wav	1
117	Spectrogram 1	1	348.000000000	351.000000000	0.0	24000.0	0.154_82_ELDON1_20250420_185400_756.0s_759.0s.wav	1
118	Waveform 1	1	351.000000000	354.000000000	0.0	24000.0	0.155_32_ELDON1_20250422_062702_3432.0s_3435.0s.wav	1
118	Spectrogram 1	1	351.000000000	354.000000000	0.0	24000.0	0.155_32_ELDON1_20250422_062702_3432.0s_3435.0s.wav	1
119	Waveform 1	1	354.000000000	357.000000000	0.0	24000.0	0.157_19_ELDON3_20250422_052700_1497.0s_1500.0s.wav	1
119	Spectrogram 1	1	354.000000000	357.000000000	0.0	24000.0	0.157_19_ELDON3_20250422_052700_1497.0s_1500.0s.wav	1
120	Waveform 1	1	357.000000000	360.000000000	0.0	24000.0	0.158_171_ELDON10_20250421_185500_3399.0s_3402.0s.wav	1
120	Spectrogram 1	1	357.000000000	360.000000000	0.0	24000.0	0.158_171_ELDON10_20250421_185500_3399.0s_3402.0s.wav	1
121	Waveform 1	1	360.000000000	363.000000000	0.0	24000.0	0.158_49_ELDON5_20250418_063202_2664.0s_2667.0s.wav	1
121	Spectrogram 1	1	360.000000000	363.000000000	0.0	24000.0	0.158_49_ELDON5_20250418_063202_2664.0s_2667.0s.wav	1
122	Waveform 1	1	363.000000000	366.000000000	0.0	24000.0	0.158_53_ELDON3_20250420_195402_2724.0s_2727.0s.wav	0
122	Spectrogram 1	1	363.000000000	366.000000000	0.0	24000.0	0.158_53_ELDON3_20250420_195402_2724.0s_2727.0s.wav	0
123	Waveform 1	1	366.000000000	369.000000000	0.0	24000.0	0.159_122_ELDON1_20250421_185500_1734.0s_1737.0s.wav	1
123	Spectrogram 1	1	366.000000000	369.000000000	0.0	24000.0	0.159_122_ELDON1_20250421_185500_1734.0s_1737.0s.wav	1
124	Waveform 1	1	369.000000000	372.000000000	0.0	24000.0	0.161_146_ELDON4_20250418_053200_3522.0s_3525.0s.wav	1
124	Spectrogram 1	1	369.000000000	372.000000000	0.0	24000.0	0.161_146_ELDON4_20250418_053200_3522.0s_3525.0s.wav	1
125	Waveform 1	1	372.000000000	375.000000000	0.0	24000.0	0.164_164_ELDON1_20250421_062802_3024.0s_3027.0s.wav	1
125	Spectrogram 1	1	372.000000000	375.000000000	0.0	24000.0	0.164_164_ELDON1_20250421_062802_3024.0s_3027.0s.wav	1
126	Waveform 1	1	375.000000000	378.000000000	0.0	24000.0	0.165_27_ELDON4_20250420_062902_279.0s_282.0s.wav	1
126	Spectrogram 1	1	375.000000000	378.000000000	0.0	24000.0	0.165_27_ELDON4_20250420_062902_279.0s_282.0s.wav	1
127	Waveform 1	1	378.000000000	381.000000000	0.0	24000.0	0.166_1_ELDON1_20250423_195702_1146.0s_1149.0s.wav	1
127	Spectrogram 1	1	378.000000000	381.000000000	0.0	24000.0	0.166_1_ELDON1_20250423_195702_1146.0s_1149.0s.wav	1
128	Waveform 1	1	381.000000000	384.000000000	0.0	24000.0	0.166_20_ELDON5_20250421_185500_3324.0s_3327.0s.wav	1
128	Spectrogram 1	1	381.000000000	384.000000000	0.0	24000.0	0.166_20_ELDON5_20250421_185500_3324.0s_3327.0s.wav	1
129	Waveform 1	1	384.000000000	387.000000000	0.0	24000.0	0.166_9_ELDON2_20250423_195702_219.0s_222.0s.wav	1
129	Spectrogram 1	1	384.000000000	387.000000000	0.0	24000.0	0.166_9_ELDON2_20250423_195702_219.0s_222.0s.wav	1
130	Waveform 1	1	387.000000000	390.000000000	0.0	24000.0	0.167_105_ELDON2_20250421_195502_117.0s_120.0s.wav	1
130	Spectrogram 1	1	387.000000000	390.000000000	0.0	24000.0	0.167_105_ELDON2_20250421_195502_117.0s_120.0s.wav	1
131	Waveform 1	1	390.000000000	393.000000000	0.0	24000.0	0.167_11_ELDON6_20250418_053200_1446.0s_1449.0s.wav	1
131	Spectrogram 1	1	390.000000000	393.000000000	0.0	24000.0	0.167_11_ELDON6_20250418_053200_1446.0s_1449.0s.wav	1
132	Waveform 1	1	393.000000000	396.000000000	0.0	24000.0	0.169_18_ELDON3_20250422_062702_222.0s_225.0s.wav	1
132	Spectrogram 1	1	393.000000000	396.000000000	0.0	24000.0	0.169_18_ELDON3_20250422_062702_222.0s_225.0s.wav	1
133	Waveform 1	1	396.000000000	399.000000000	0.0	24000.0	0.170_35_ELDON3_20250417_195102_873.0s_876.0s.wav	1
133	Spectrogram 1	1	396.000000000	399.000000000	0.0	24000.0	0.170_35_ELDON3_20250417_195102_873.0s_876.0s.wav	1
134	Waveform 1	1	399.000000000	402.000000000	0.0	24000.0	0.173_207_ELDON2_20250417_195102_945.0s_948.0s.wav	1
134	Spectrogram 1	1	399.000000000	402.000000000	0.0	24000.0	0.173_207_ELDON2_20250417_195102_945.0s_948.0s.wav	1
135	Waveform 1	1	402.000000000	405.000000000	0.0	24000.0	0.180_13_ELDON2_20250422_062702_3387.0s_3390.0s.wav	1
135	Spectrogram 1	1	402.000000000	405.000000000	0.0	24000.0	0.180_13_ELDON2_20250422_062702_3387.0s_3390.0s.wav	1
136	Waveform 1	1	405.000000000	408.000000000	0.0	24000.0	0.182_32_ELDON3_20250417_195102_819.0s_822.0s.wav	1
136	Spectrogram 1	1	405.000000000	408.000000000	0.0	24000.0	0.182_32_ELDON3_20250417_195102_819.0s_822.0s.wav	1
137	Waveform 1	1	408.000000000	411.000000000	0.0	24000.0	0.183_15_ELDON6_20250420_185400_3423.0s_3426.0s.wav	1
137	Spectrogram 1	1	408.000000000	411.000000000	0.0	24000.0	0.183_15_ELDON6_20250420_185400_3423.0s_3426.0s.wav	1
138	Waveform 1	1	411.000000000	414.000000000	0.0	24000.0	0.183_3_ELDON1_20250429_061802_1092.0s_1095.0s.wav	1
138	Spectrogram 1	1	411.000000000	414.000000000	0.0	24000.0	0.183_3_ELDON1_20250429_061802_1092.0s_1095.0s.wav	1
139	Waveform 1	1	414.000000000	417.000000000	0.0	24000.0	0.183_59_ELDON4_20250421_185500_3000.0s_3003.0s.wav	1
139	Spectrogram 1	1	414.000000000	417.000000000	0.0	24000.0	0.183_59_ELDON4_20250421_185500_3000.0s_3003.0s.wav	1
140	Waveform 1	1	417.000000000	420.000000000	0.0	24000.0	0.183_84_ELDON1_20250419_185300_756.0s_759.0s.wav	1
140	Spectrogram 1	1	417.000000000	420.000000000	0.0	24000.0	0.183_84_ELDON1_20250419_185300_756.0s_759.0s.wav	1
141	Waveform 1	1	420.000000000	423.000000000	0.0	24000.0	0.185_10_ELDON3_20250425_052300_1431.0s_1434.0s.wav	1
141	Spectrogram 1	1	420.000000000	423.000000000	0.0	24000.0	0.185_10_ELDON3_20250425_052300_1431.0s_1434.0s.wav	1
142	Waveform 1	1	423.000000000	426.000000000	0.0	24000.0	0.185_78_ELDON10_20250421_195502_852.0s_855.0s.wav	1
142	Spectrogram 1	1	423.000000000	426.000000000	0.0	24000.0	0.185_78_ELDON10_20250421_195502_852.0s_855.0s.wav	1
143	Waveform 1	1	426.000000000	429.000000000	0.0	24000.0	0.188_19_ELDON1_20250422_052700_1569.0s_1572.0s.wav	1
143	Spectrogram 1	1	426.000000000	429.000000000	0.0	24000.0	0.188_19_ELDON1_20250422_052700_1569.0s_1572.0s.wav	1
144	Waveform 1	1	429.000000000	432.000000000	0.0	24000.0	0.189_30_ELDON6_20250419_185300_1962.0s_1965.0s.wav	1
144	Spectrogram 1	1	429.000000000	432.000000000	0.0	24000.0	0.189_30_ELDON6_20250419_185300_1962.0s_1965.0s.wav	1
145	Waveform 1	1	432.000000000	435.000000000	0.0	24000.0	0.190_133_ELDON2_20250420_062902_3276.0s_3279.0s.wav	1
145	Spectrogram 1	1	432.000000000	435.000000000	0.0	24000.0	0.190_133_ELDON2_20250420_062902_3276.0s_3279.0s.wav	1
146	Waveform 1	1	435.000000000	438.000000000	0.0	24000.0	0.191_60_ELDON5_20250418_063202_1302.0s_1305.0s.wav	1
146	Spectrogram 1	1	435.000000000	438.000000000	0.0	24000.0	0.191_60_ELDON5_20250418_063202_1302.0s_1305.0s.wav	1
147	Waveform 1	1	438.000000000	441.000000000	0.0	24000.0	0.192_478_ELDON1_20250418_063202_2502.0s_2505.0s.wav	1
147	Spectrogram 1	1	438.000000000	441.000000000	0.0	24000.0	0.192_478_ELDON1_20250418_063202_2502.0s_2505.0s.wav	1
148	Waveform 1	1	441.000000000	444.000000000	0.0	24000.0	0.197_119_ELDON3_20250419_053100_3444.0s_3447.0s.wav	1
148	Spectrogram 1	1	441.000000000	444.000000000	0.0	24000.0	0.197_119_ELDON3_20250419_053100_3444.0s_3447.0s.wav	1
149	Waveform 1	1	444.000000000	447.000000000	0.0	24000.0	0.197_12_ELDON3_20250422_052700_1221.0s_1224.0s.wav	1
149	Spectrogram 1	1	444.000000000	447.000000000	0.0	24000.0	0.197_12_ELDON3_20250422_052700_1221.0s_1224.0s.wav	1
150	Waveform 1	1	447.000000000	450.000000000	0.0	24000.0	0.198_38_ELDON4_20250418_063202_2553.0s_2556.0s.wav	1
150	Spectrogram 1	1	447.000000000	450.000000000	0.0	24000.0	0.198_38_ELDON4_20250418_063202_2553.0s_2556.0s.wav	1
151	Waveform 1	1	450.000000000	453.000000000	0.0	24000.0	0.203_15_ELDON3_20250423_062502_3060.0s_3063.0s.wav	1
151	Spectrogram 1	1	450.000000000	453.000000000	0.0	24000.0	0.203_15_ELDON3_20250423_062502_3060.0s_3063.0s.wav	1
152	Waveform 1	1	453.000000000	456.000000000	0.0	24000.0	0.204_10_ELDON2_20250429_061802_3249.0s_3252.0s.wav	1
152	Spectrogram 1	1	453.000000000	456.000000000	0.0	24000.0	0.204_10_ELDON2_20250429_061802_3249.0s_3252.0s.wav	1
153	Waveform 1	1	456.000000000	459.000000000	0.0	24000.0	0.207_477_ELDON1_20250418_063202_2238.0s_2241.0s.wav	1
153	Spectrogram 1	1	456.000000000	459.000000000	0.0	24000.0	0.207_477_ELDON1_20250418_063202_2238.0s_2241.0s.wav	1
154	Waveform 1	1	459.000000000	462.000000000	0.0	24000.0	0.209_30_ELDON4_20250421_062802_1317.0s_1320.0s.wav	1
154	Spectrogram 1	1	459.000000000	462.000000000	0.0	24000.0	0.209_30_ELDON4_20250421_062802_1317.0s_1320.0s.wav	1
155	Waveform 1	1	462.000000000	465.000000000	0.0	24000.0	0.210_165_ELDON3_20250418_053200_2763.0s_2766.0s.wav	1
155	Spectrogram 1	1	462.000000000	465.000000000	0.0	24000.0	0.210_165_ELDON3_20250418_053200_2763.0s_2766.0s.wav	1
156	Waveform 1	1	465.000000000	468.000000000	0.0	24000.0	0.210_18_ELDON6_20250418_063202_3228.0s_3231.0s.wav	1
156	Spectrogram 1	1	465.000000000	468.000000000	0.0	24000.0	0.210_18_ELDON6_20250418_063202_3228.0s_3231.0s.wav	1
157	Waveform 1	1	468.000000000	471.000000000	0.0	24000.0	0.211_18_ELDON5_20250421_185500_2895.0s_2898.0s.wav	1
157	Spectrogram 1	1	468.000000000	471.000000000	0.0	24000.0	0.211_18_ELDON5_20250421_185500_2895.0s_2898.0s.wav	1
158	Waveform 1	1	471.000000000	474.000000000	0.0	24000.0	0.212_129_ELDON2_20250421_185500_3504.0s_3507.0s.wav	1
158	Spectrogram 1	1	471.000000000	474.000000000	0.0	24000.0	0.212_129_ELDON2_20250421_185500_3504.0s_3507.0s.wav	1
159	Waveform 1	1	474.000000000	477.000000000	0.0	24000.0	0.220_215_ELDON1_20250420_062902_237.0s_240.0s.wav	1
159	Spectrogram 1	1	474.000000000	477.000000000	0.0	24000.0	0.220_215_ELDON1_20250420_062902_237.0s_240.0s.wav	1
160	Waveform 1	1	477.000000000	480.000000000	0.0	24000.0	0.220_27_ELDON6_20250419_185300_2124.0s_2127.0s.wav	1
160	Spectrogram 1	1	477.000000000	480.000000000	0.0	24000.0	0.220_27_ELDON6_20250419_185300_2124.0s_2127.0s.wav	1
161	Waveform 1	1	480.000000000	483.000000000	0.0	24000.0	0.221_5_ELDON1_20250430_061602_465.0s_468.0s.wav	1
161	Spectrogram 1	1	480.000000000	483.000000000	0.0	24000.0	0.221_5_ELDON1_20250430_061602_465.0s_468.0s.wav	1
162	Waveform 1	1	483.000000000	486.000000000	0.0	24000.0	0.223_211_ELDON10_20250421_185500_2367.0s_2370.0s.wav	1
162	Spectrogram 1	1	483.000000000	486.000000000	0.0	24000.0	0.223_211_ELDON10_20250421_185500_2367.0s_2370.0s.wav	1
163	Waveform 1	1	486.000000000	489.000000000	0.0	24000.0	0.224_12_ELDON3_20250424_052400_1185.0s_1188.0s.wav	1
163	Spectrogram 1	1	486.000000000	489.000000000	0.0	24000.0	0.224_12_ELDON3_20250424_052400_1185.0s_1188.0s.wav	1
164	Waveform 1	1	489.000000000	492.000000000	0.0	24000.0	0.229_12_ELDON6_20250418_053200_1206.0s_1209.0s.wav	1
164	Spectrogram 1	1	489.000000000	492.000000000	0.0	24000.0	0.229_12_ELDON6_20250418_053200_1206.0s_1209.0s.wav	1
165	Waveform 1	1	492.000000000	495.000000000	0.0	24000.0	0.229_153_ELDON3_20250419_063102_3588.0s_3591.0s.wav	1
165	Spectrogram 1	1	492.000000000	495.000000000	0.0	24000.0	0.229_153_ELDON3_20250419_063102_3588.0s_3591.0s.wav	1
166	Waveform 1	1	495.000000000	498.000000000	0.0	24000.0	0.229_7_ELDON2_20250430_061602_732.0s_735.0s.wav	1
166	Spectrogram 1	1	495.000000000	498.000000000	0.0	24000.0	0.229_7_ELDON2_20250430_061602_732.0s_735.0s.wav	1
167	Waveform 1	1	498.000000000	501.000000000	0.0	24000.0	0.233_74_ELDON4_20250421_185500_2847.0s_2850.0s.wav	1
167	Spectrogram 1	1	498.000000000	501.000000000	0.0	24000.0	0.233_74_ELDON4_20250421_185500_2847.0s_2850.0s.wav	1
168	Waveform 1	1	501.000000000	504.000000000	0.0	24000.0	0.238_520_ELDON1_20250418_063202_3132.0s_3135.0s.wav	1
168	Spectrogram 1	1	501.000000000	504.000000000	0.0	24000.0	0.238_520_ELDON1_20250418_063202_3132.0s_3135.0s.wav	1
169	Waveform 1	1	504.000000000	507.000000000	0.0	24000.0	0.240_28_ELDON1_20250422_062702_2529.0s_2532.0s.wav	1
169	Spectrogram 1	1	504.000000000	507.000000000	0.0	24000.0	0.240_28_ELDON1_20250422_062702_2529.0s_2532.0s.wav	1
170	Waveform 1	1	507.000000000	510.000000000	0.0	24000.0	0.242_205_ELDON10_20250421_185500_1260.0s_1263.0s.wav	1
170	Spectrogram 1	1	507.000000000	510.000000000	0.0	24000.0	0.242_205_ELDON10_20250421_185500_1260.0s_1263.0s.wav	1
171	Waveform 1	1	510.000000000	513.000000000	0.0	24000.0	0.243_40_ELDON5_20250418_063202_819.0s_822.0s.wav	1
171	Spectrogram 1	1	510.000000000	513.000000000	0.0	24000.0	0.243_40_ELDON5_20250418_063202_819.0s_822.0s.wav	1
172	Waveform 1	1	513.000000000	516.000000000	0.0	24000.0	0.261_36_ELDON4_20250419_063102_3417.0s_3420.0s.wav	1
172	Spectrogram 1	1	513.000000000	516.000000000	0.0	24000.0	0.261_36_ELDON4_20250419_063102_3417.0s_3420.0s.wav	1
173	Waveform 1	1	516.000000000	519.000000000	0.0	24000.0	0.265_108_ELDON2_20250421_195502_108.0s_111.0s.wav	0
173	Spectrogram 1	1	516.000000000	519.000000000	0.0	24000.0	0.265_108_ELDON2_20250421_195502_108.0s_111.0s.wav	0
174	Waveform 1	1	519.000000000	522.000000000	0.0	24000.0	0.268_14_ELDON6_20250418_053200_1098.0s_1101.0s.wav	1
174	Spectrogram 1	1	519.000000000	522.000000000	0.0	24000.0	0.268_14_ELDON6_20250418_053200_1098.0s_1101.0s.wav	1
175	Waveform 1	1	522.000000000	525.000000000	0.0	24000.0	0.274_14_ELDON3_20250424_195802_963.0s_966.0s.wav	1
175	Spectrogram 1	1	522.000000000	525.000000000	0.0	24000.0	0.274_14_ELDON3_20250424_195802_963.0s_966.0s.wav	1
176	Waveform 1	1	525.000000000	528.000000000	0.0	24000.0	0.275_200_ELDON3_20250421_062802_2406.0s_2409.0s.wav	1
176	Spectrogram 1	1	525.000000000	528.000000000	0.0	24000.0	0.275_200_ELDON3_20250421_062802_2406.0s_2409.0s.wav	1
177	Waveform 1	1	528.000000000	531.000000000	0.0	24000.0	0.278_73_ELDON10_20250421_195502_855.0s_858.0s.wav	1
177	Spectrogram 1	1	528.000000000	531.000000000	0.0	24000.0	0.278_73_ELDON10_20250421_195502_855.0s_858.0s.wav	1
178	Waveform 1	1	531.000000000	534.000000000	0.0	24000.0	0.280_3_ELDON6_20250420_195402_261.0s_264.0s.wav	0
178	Spectrogram 1	1	531.000000000	534.000000000	0.0	24000.0	0.280_3_ELDON6_20250420_195402_261.0s_264.0s.wav	0
179	Waveform 1	1	534.000000000	537.000000000	0.0	24000.0	0.301_30_ELDON4_20250420_062902_2583.0s_2586.0s.wav	1
179	Spectrogram 1	1	534.000000000	537.000000000	0.0	24000.0	0.301_30_ELDON4_20250420_062902_2583.0s_2586.0s.wav	1
180	Waveform 1	1	537.000000000	540.000000000	0.0	24000.0	0.305_2_ELDON1_20250424_195802_1089.0s_1092.0s.wav	1
180	Spectrogram 1	1	537.000000000	540.000000000	0.0	24000.0	0.305_2_ELDON1_20250424_195802_1089.0s_1092.0s.wav	1
181	Waveform 1	1	540.000000000	543.000000000	0.0	24000.0	0.306_9_ELDON6_20250421_185500_2532.0s_2535.0s.wav	1
181	Spectrogram 1	1	540.000000000	543.000000000	0.0	24000.0	0.306_9_ELDON6_20250421_185500_2532.0s_2535.0s.wav	1
182	Waveform 1	1	543.000000000	546.000000000	0.0	24000.0	0.307_229_ELDON3_20250418_063202_519.0s_522.0s.wav	1
182	Spectrogram 1	1	543.000000000	546.000000000	0.0	24000.0	0.307_229_ELDON3_20250418_063202_519.0s_522.0s.wav	1
183	Waveform 1	1	546.000000000	549.000000000	0.0	24000.0	0.312_12_ELDON3_20250425_052300_1098.0s_1101.0s.wav	1
183	Spectrogram 1	1	546.000000000	549.000000000	0.0	24000.0	0.312_12_ELDON3_20250425_052300_1098.0s_1101.0s.wav	1
184	Waveform 1	1	549.000000000	552.000000000	0.0	24000.0	0.318_66_ELDON10_20250421_195502_729.0s_732.0s.wav	1
184	Spectrogram 1	1	549.000000000	552.000000000	0.0	24000.0	0.318_66_ELDON10_20250421_195502_729.0s_732.0s.wav	1
185	Waveform 1	1	552.000000000	555.000000000	0.0	24000.0	0.328_81_ELDON1_20250421_185500_2043.0s_2046.0s.wav	1
185	Spectrogram 1	1	552.000000000	555.000000000	0.0	24000.0	0.328_81_ELDON1_20250421_185500_2043.0s_2046.0s.wav	1
186	Waveform 1	1	555.000000000	558.000000000	0.0	24000.0	0.333_24_ELDON5_20250419_063102_3423.0s_3426.0s.wav	1
186	Spectrogram 1	1	555.000000000	558.000000000	0.0	24000.0	0.333_24_ELDON5_20250419_063102_3423.0s_3426.0s.wav	1
187	Waveform 1	1	558.000000000	561.000000000	0.0	24000.0	0.340_71_ELDON10_20250421_195502_738.0s_741.0s.wav	1
187	Spectrogram 1	1	558.000000000	561.000000000	0.0	24000.0	0.340_71_ELDON10_20250421_195502_738.0s_741.0s.wav	1
188	Waveform 1	1	561.000000000	564.000000000	0.0	24000.0	0.352_2_ELDON3_20250424_195802_1074.0s_1077.0s.wav	1
188	Spectrogram 1	1	561.000000000	564.000000000	0.0	24000.0	0.352_2_ELDON3_20250424_195802_1074.0s_1077.0s.wav	1
189	Waveform 1	1	564.000000000	567.000000000	0.0	24000.0	0.358_21_ELDON6_20250421_185500_2703.0s_2706.0s.wav	1
189	Spectrogram 1	1	564.000000000	567.000000000	0.0	24000.0	0.358_21_ELDON6_20250421_185500_2703.0s_2706.0s.wav	1
190	Waveform 1	1	567.000000000	570.000000000	0.0	24000.0	0.364_195_ELDON3_20250421_062802_1302.0s_1305.0s.wav	1
190	Spectrogram 1	1	567.000000000	570.000000000	0.0	24000.0	0.364_195_ELDON3_20250421_062802_1302.0s_1305.0s.wav	1
191	Waveform 1	1	570.000000000	573.000000000	0.0	24000.0	0.367_74_ELDON10_20250421_195502_936.0s_939.0s.wav	1
191	Spectrogram 1	1	570.000000000	573.000000000	0.0	24000.0	0.367_74_ELDON10_20250421_195502_936.0s_939.0s.wav	1
192	Waveform 1	1	573.000000000	576.000000000	0.0	24000.0	0.410_180_ELDON10_20250421_185500_933.0s_936.0s.wav	1
192	Spectrogram 1	1	573.000000000	576.000000000	0.0	24000.0	0.410_180_ELDON10_20250421_185500_933.0s_936.0s.wav	1
193	Waveform 1	1	576.000000000	579.000000000	0.0	24000.0	0.420_5_ELDON1_20250430_190400_3474.0s_3477.0s.wav	1
193	Spectrogram 1	1	576.000000000	579.000000000	0.0	24000.0	0.420_5_ELDON1_20250430_190400_3474.0s_3477.0s.wav	1
194	Waveform 1	1	579.000000000	582.000000000	0.0	24000.0	0.424_68_ELDON4_20250421_185500_1998.0s_2001.0s.wav	1
194	Spectrogram 1	1	579.000000000	582.000000000	0.0	24000.0	0.424_68_ELDON4_20250421_185500_1998.0s_2001.0s.wav	1
195	Waveform 1	1	582.000000000	585.000000000	0.0	24000.0	0.449_172_ELDON10_20250421_185500_2499.0s_2502.0s.wav	1
195	Spectrogram 1	1	582.000000000	585.000000000	0.0	24000.0	0.449_172_ELDON10_20250421_185500_2499.0s_2502.0s.wav	1
196	Waveform 1	1	585.000000000	588.000000000	0.0	24000.0	0.520_176_ELDON10_20250421_185500_2349.0s_2352.0s.wav	1
196	Spectrogram 1	1	585.000000000	588.000000000	0.0	24000.0	0.520_176_ELDON10_20250421_185500_2349.0s_2352.0s.wav	1
197	Waveform 1	1	588.000000000	591.000000000	0.0	24000.0	0.552_5_ELDON2_20250424_195802_801.0s_804.0s.wav	1
197	Spectrogram 1	1	588.000000000	591.000000000	0.0	24000.0	0.552_5_ELDON2_20250424_195802_801.0s_804.0s.wav	1
198	Waveform 1	1	591.000000000	594.000000000	0.0	24000.0	0.601_151_ELDON10_20250421_185500_2439.0s_2442.0s.wav	1
198	Spectrogram 1	1	591.000000000	594.000000000	0.0	24000.0	0.601_151_ELDON10_20250421_185500_2439.0s_2442.0s.wav	1
199	Waveform 1	1	594.000000000	597.000000000	0.0	24000.0	0.646_67_ELDON10_20250421_195502_60.0s_63.0s.wav	1
199	Spectrogram 1	1	594.000000000	597.000000000	0.0	24000.0	0.646_67_ELDON10_20250421_195502_60.0s_63.0s.wav	1
200	Waveform 1	1	597.000000000	600.000000000	0.0	24000.0	0.685_72_ELDON10_20250421_195502_945.0s_948.0s.wav	1
200	Spectrogram 1	1	597.000000000	600.000000000	0.0	24000.0	0.685_72_ELDON10_20250421_195502_945.0s_948.0s.wav	1
201	Waveform 1	1	600.000000000	603.000000000	0.0	24000.0	0.689_20_ELDON3_20250422_052700_1827.0s_1830.0s.wav	1
201	Spectrogram 1	1	600.000000000	603.000000000	0.0	24000.0	0.689_20_ELDON3_20250422_052700_1827.0s_1830.0s.wav	1
202	Waveform 1	1	603.000000000	606.000000000	0.0	24000.0	0.762_159_ELDON10_20250421_185500_3261.0s_3264.0s.wav	1
202	Spectrogram 1	1	603.000000000	606.000000000	0.0	24000.0	0.762_159_ELDON10_20250421_185500_3261.0s_3264.0s.wav	1
203	Waveform 1	1	606.000000000	609.000000000	0.0	24000.0	0.879_139_ELDON10_20250421_185500_3180.0s_3183.0s.wav	1
203	Spectrogram 1	1	606.000000000	609.000000000	0.0	24000.0	0.879_139_ELDON10_20250421_185500_3180.0s_3183.0s.wav	1
