Selection	View	Channel	Begin Time (s)	End Time (s)	Low Freq (Hz)	High Freq (Hz)	Begin File	Valid
1	Waveform 1	1	0.000000000	3.000000000	0.0	24000.0	0.100_1_ELDON6_20250419_063102_3504.0s_3507.0s.wav	1
1	Spectrogram 1	1	0.000000000	3.000000000	0.0	24000.0	0.100_1_ELDON6_20250419_063102_3504.0s_3507.0s.wav	1
2	Waveform 1	1	3.000000000	6.000000000	0.0	24000.0	0.100_36_ELDON3_20250421_062802_132.0s_135.0s.wav	0
2	Spectrogram 1	1	3.000000000	6.000000000	0.0	24000.0	0.100_36_ELDON3_20250421_062802_132.0s_135.0s.wav	0
3	Waveform 1	1	6.000000000	9.000000000	0.0	24000.0	0.100_45_ELDON4_20250420_062902_1395.0s_1398.0s.wav	1
3	Spectrogram 1	1	6.000000000	9.000000000	0.0	24000.0	0.100_45_ELDON4_20250420_062902_1395.0s_1398.0s.wav	1
4	Waveform 1	1	9.000000000	12.000000000	0.0	24000.0	0.101_10_ELDON2_20250419_195302_6.0s_9.0s.wav	1
4	Spectrogram 1	1	9.000000000	12.000000000	0.0	24000.0	0.101_10_ELDON2_20250419_195302_6.0s_9.0s.wav	1
5	Waveform 1	1	12.000000000	15.000000000	0.0	24000.0	0.101_3_ELDON5_20250418_063202_1764.0s_1767.0s.wav	1
5	Spectrogram 1	1	12.000000000	15.000000000	0.0	24000.0	0.101_3_ELDON5_20250418_063202_1764.0s_1767.0s.wav	1
6	Waveform 1	1	15.000000000	18.000000000	0.0	24000.0	0.102_13_ELDON5_20250421_062802_951.0s_954.0s.wav	0
6	Spectrogram 1	1	15.000000000	18.000000000	0.0	24000.0	0.102_13_ELDON5_20250421_062802_951.0s_954.0s.wav	0
7	Waveform 1	1	18.000000000	21.000000000	0.0	24000.0	0.102_7_ELDON5_20250419_063102_3567.0s_3570.0s.wav	1
7	Spectrogram 1	1	18.000000000	21.000000000	0.0	24000.0	0.102_7_ELDON5_20250419_063102_3567.0s_3570.0s.wav	1
8	Waveform 1	1	21.000000000	24.000000000	0.0	24000.0	0.104_219_ELDON4_20250418_053200_1548.0s_1551.0s.wav	0
8	Spectrogram 1	1	21.000000000	24.000000000	0.0	24000.0	0.104_219_ELDON4_20250418_053200_1548.0s_1551.0s.wav	0
9	Waveform 1	1	24.000000000	27.000000000	0.0	24000.0	0.104_5_ELDON5_20250419_185300_3537.0s_3540.0s.wav	0
9	Spectrogram 1	1	24.000000000	27.000000000	0.0	24000.0	0.104_5_ELDON5_20250419_185300_3537.0s_3540.0s.wav	0
10	Waveform 1	1	27.000000000	30.000000000	0.0	24000.0	0.106_1_ELDON5_20250421_052800_2238.0s_2241.0s.wav	1
10	Spectrogram 1	1	27.000000000	30.000000000	0.0	24000.0	0.106_1_ELDON5_20250421_052800_2238.0s_2241.0s.wav	1
11	Waveform 1	1	30.000000000	33.000000000	0.0	24000.0	0.106_3_ELDON4_20250422_185600_3246.0s_3249.0s.wav	0
11	Spectrogram 1	1	30.000000000	33.000000000	0.0	24000.0	0.106_3_ELDON4_20250422_185600_3246.0s_3249.0s.wav	0
12	Waveform 1	1	33.000000000	36.000000000	0.0	24000.0	0.106_63_ELDON10_20250421_195502_78.0s_81.0s.wav	0
12	Spectrogram 1	1	33.000000000	36.000000000	0.0	24000.0	0.106_63_ELDON10_20250421_195502_78.0s_81.0s.wav	0
13	Waveform 1	1	36.000000000	39.000000000	0.0	24000.0	0.108_1_ELDON5_20250421_062802_2208.0s_2211.0s.wav	1
13	Spectrogram 1	1	36.000000000	39.000000000	0.0	24000.0	0.108_1_ELDON5_20250421_062802_2208.0s_2211.0s.wav	1
14	Waveform 1	1	39.000000000	42.000000000	0.0	24000.0	0.108_46_ELDON3_20250419_185300_2733.0s_2736.0s.wav	1
14	Spectrogram 1	1	39.000000000	42.000000000	0.0	24000.0	0.108_46_ELDON3_20250419_185300_2733.0s_2736.0s.wav	1
15	Waveform 1	1	42.000000000	45.000000000	0.0	24000.0	0.108_8_ELDON5_20250419_063102_1140.0s_1143.0s.wav	1
15	Spectrogram 1	1	42.000000000	45.000000000	0.0	24000.0	0.108_8_ELDON5_20250419_063102_1140.0s_1143.0s.wav	1
16	Waveform 1	1	45.000000000	48.000000000	0.0	24000.0	0.109_52_ELDON4_20250420_062902_3138.0s_3141.0s.wav	1
16	Spectrogram 1	1	45.000000000	48.000000000	0.0	24000.0	0.109_52_ELDON4_20250420_062902_3138.0s_3141.0s.wav	1
17	Waveform 1	1	48.000000000	51.000000000	0.0	24000.0	0.114_13_ELDON5_20250420_185400_2286.0s_2289.0s.wav	0
17	Spectrogram 1	1	48.000000000	51.000000000	0.0	24000.0	0.114_13_ELDON5_20250420_185400_2286.0s_2289.0s.wav	0
18	Waveform 1	1	51.000000000	54.000000000	0.0	24000.0	0.115_10_ELDON5_20250419_063102_3228.0s_3231.0s.wav	1
18	Spectrogram 1	1	51.000000000	54.000000000	0.0	24000.0	0.115_10_ELDON5_20250419_063102_3228.0s_3231.0s.wav	1
19	Waveform 1	1	54.000000000	57.000000000	0.0	24000.0	0.117_128_ELDON10_20250421_185500_411.0s_414.0s.wav	0
19	Spectrogram 1	1	54.000000000	57.000000000	0.0	24000.0	0.117_128_ELDON10_20250421_185500_411.0s_414.0s.wav	0
20	Waveform 1	1	57.000000000	60.000000000	0.0	24000.0	0.118_4_ELDON5_20250420_185400_1215.0s_1218.0s.wav	0
20	Spectrogram 1	1	57.000000000	60.000000000	0.0	24000.0	0.118_4_ELDON5_20250420_185400_1215.0s_1218.0s.wav	0
21	Waveform 1	1	60.000000000	63.000000000	0.0	24000.0	0.118_57_ELDON4_20250419_063102_3534.0s_3537.0s.wav	1
21	Spectrogram 1	1	60.000000000	63.000000000	0.0	24000.0	0.118_57_ELDON4_20250419_063102_3534.0s_3537.0s.wav	1
22	Waveform 1	1	63.000000000	66.000000000	0.0	24000.0	0.120_116_ELDON4_20250421_185500_222.0s_225.0s.wav	1
22	Spectrogram 1	1	63.000000000	66.000000000	0.0	24000.0	0.120_116_ELDON4_20250421_185500_222.0s_225.0s.wav	1
23	Waveform 1	1	66.000000000	69.000000000	0.0	24000.0	0.121_4_ELDON5_20250421_185500_1047.0s_1050.0s.wav	0
23	Spectrogram 1	1	66.000000000	69.000000000	0.0	24000.0	0.121_4_ELDON5_20250421_185500_1047.0s_1050.0s.wav	0
24	Waveform 1	1	69.000000000	72.000000000	0.0	24000.0	0.122_4_ELDON3_20250419_063102_3009.0s_3012.0s.wav	1
24	Spectrogram 1	1	69.000000000	72.000000000	0.0	24000.0	0.122_4_ELDON3_20250419_063102_3009.0s_3012.0s.wav	1
25	Waveform 1	1	72.000000000	75.000000000	0.0	24000.0	0.123_12_ELDON4_20250423_185700_3252.0s_3255.0s.wav	1
25	Spectrogram 1	1	72.000000000	75.000000000	0.0	24000.0	0.123_12_ELDON4_20250423_185700_3252.0s_3255.0s.wav	1
26	Waveform 1	1	75.000000000	78.000000000	0.0	24000.0	0.123_9_ELDON5_20250418_063202_2616.0s_2619.0s.wav	0
26	Spectrogram 1	1	75.000000000	78.000000000	0.0	24000.0	0.123_9_ELDON5_20250418_063202_2616.0s_2619.0s.wav	0
27	Waveform 1	1	78.000000000	81.000000000	0.0	24000.0	0.124_13_ELDON6_20250420_062902_2703.0s_2706.0s.wav	1
27	Spectrogram 1	1	78.000000000	81.000000000	0.0	24000.0	0.124_13_ELDON6_20250420_062902_2703.0s_2706.0s.wav	1
28	Waveform 1	1	81.000000000	84.000000000	0.0	24000.0	0.124_8_ELDON1_20250425_062302_156.0s_159.0s.wav	1
28	Spectrogram 1	1	81.000000000	84.000000000	0.0	24000.0	0.124_8_ELDON1_20250425_062302_156.0s_159.0s.wav	1
29	Waveform 1	1	84.000000000	87.000000000	0.0	24000.0	0.126_144_ELDON4_20250418_063202_2679.0s_2682.0s.wav	0
29	Spectrogram 1	1	84.000000000	87.000000000	0.0	24000.0	0.126_144_ELDON4_20250418_063202_2679.0s_2682.0s.wav	0
30	Waveform 1	1	87.000000000	90.000000000	0.0	24000.0	0.127_2_ELDON5_20250419_053100_2100.0s_2103.0s.wav	0
30	Spectrogram 1	1	87.000000000	90.000000000	0.0	24000.0	0.127_2_ELDON5_20250419_053100_2100.0s_2103.0s.wav	0
31	Waveform 1	1	90.000000000	93.000000000	0.0	24000.0	0.128_41_ELDON3_20250422_062702_2523.0s_2526.0s.wav	1
31	Spectrogram 1	1	90.000000000	93.000000000	0.0	24000.0	0.128_41_ELDON3_20250422_062702_2523.0s_2526.0s.wav	1
32	Waveform 1	1	93.000000000	96.000000000	0.0	24000.0	0.129_2_ELDON2_20250422_195602_105.0s_108.0s.wav	1
32	Spectrogram 1	1	93.000000000	96.000000000	0.0	24000.0	0.129_2_ELDON2_20250422_195602_105.0s_108.0s.wav	1
33	Waveform 1	1	96.000000000	99.000000000	0.0	24000.0	0.129_58_ELDON4_20250419_063102_3570.0s_3573.0s.wav	1
33	Spectrogram 1	1	96.000000000	99.000000000	0.0	24000.0	0.129_58_ELDON4_20250419_063102_3570.0s_3573.0s.wav	1
34	Waveform 1	1	99.000000000	102.000000000	0.0	24000.0	0.130_5_ELDON5_20250420_185400_2319.0s_2322.0s.wav	0
34	Spectrogram 1	1	99.000000000	102.000000000	0.0	24000.0	0.130_5_ELDON5_20250420_185400_2319.0s_2322.0s.wav	0
35	Waveform 1	1	102.000000000	105.000000000	0.0	24000.0	0.131_62_ELDON10_20250421_195502_660.0s_663.0s.wav	0
35	Spectrogram 1	1	102.000000000	105.000000000	0.0	24000.0	0.131_62_ELDON10_20250421_195502_660.0s_663.0s.wav	0
36	Waveform 1	1	105.000000000	108.000000000	0.0	24000.0	0.131_8_ELDON5_20250420_062902_1503.0s_1506.0s.wav	1
36	Spectrogram 1	1	105.000000000	108.000000000	0.0	24000.0	0.131_8_ELDON5_20250420_062902_1503.0s_1506.0s.wav	1
37	Waveform 1	1	108.000000000	111.000000000	0.0	24000.0	0.133_42_ELDON2_20250420_062902_2130.0s_2133.0s.wav	0
37	Spectrogram 1	1	108.000000000	111.000000000	0.0	24000.0	0.133_42_ELDON2_20250420_062902_2130.0s_2133.0s.wav	0
38	Waveform 1	1	111.000000000	114.000000000	0.0	24000.0	0.135_11_ELDON5_20250421_062802_2286.0s_2289.0s.wav	1
38	Spectrogram 1	1	111.000000000	114.000000000	0.0	24000.0	0.135_11_ELDON5_20250421_062802_2286.0s_2289.0s.wav	1
39	Waveform 1	1	114.000000000	117.000000000	0.0	24000.0	0.136_126_ELDON10_20250421_185500_2718.0s_2721.0s.wav	0
39	Spectrogram 1	1	114.000000000	117.000000000	0.0	24000.0	0.136_126_ELDON10_20250421_185500_2718.0s_2721.0s.wav	0
40	Waveform 1	1	117.000000000	120.000000000	0.0	24000.0	0.137_3_ELDON3_20250418_063202_1698.0s_1701.0s.wav	1
40	Spectrogram 1	1	117.000000000	120.000000000	0.0	24000.0	0.137_3_ELDON3_20250418_063202_1698.0s_1701.0s.wav	1
41	Waveform 1	1	120.000000000	123.000000000	0.0	24000.0	0.137_46_ELDON4_20250420_062902_1551.0s_1554.0s.wav	1
41	Spectrogram 1	1	120.000000000	123.000000000	0.0	24000.0	0.137_46_ELDON4_20250420_062902_1551.0s_1554.0s.wav	1
42	Waveform 1	1	123.000000000	126.000000000	0.0	24000.0	0.139_42_ELDON4_20250430_051600_2046.0s_2049.0s.wav	1
42	Spectrogram 1	1	123.000000000	126.000000000	0.0	24000.0	0.139_42_ELDON4_20250430_051600_2046.0s_2049.0s.wav	1
43	Waveform 1	1	126.000000000	129.000000000	0.0	24000.0	0.140_45_ELDON4_20250419_185300_645.0s_648.0s.wav	1
43	Spectrogram 1	1	126.000000000	129.000000000	0.0	24000.0	0.140_45_ELDON4_20250419_185300_645.0s_648.0s.wav	1
44	Waveform 1	1	129.000000000	132.000000000	0.0	24000.0	0.141_4_ELDON5_20250419_063102_3300.0s_3303.0s.wav	1
44	Spectrogram 1	1	129.000000000	132.000000000	0.0	24000.0	0.141_4_ELDON5_20250419_063102_3300.0s_3303.0s.wav	1
45	Waveform 1	1	132.000000000	135.000000000	0.0	24000.0	0.144_5_ELDON5_20250420_062902_3435.0s_3438.0s.wav	1
45	Spectrogram 1	1	132.000000000	135.000000000	0.0	24000.0	0.144_5_ELDON5_20250420_062902_3435.0s_3438.0s.wav	1
46	Waveform 1	1	135.000000000	138.000000000	0.0	24000.0	0.147_7_ELDON5_20250421_062802_1983.0s_1986.0s.wav	0
46	Spectrogram 1	1	135.000000000	138.000000000	0.0	24000.0	0.147_7_ELDON5_20250421_062802_1983.0s_1986.0s.wav	0
47	Waveform 1	1	138.000000000	141.000000000	0.0	24000.0	0.148_3_ELDON1_20250422_185600_2265.0s_2268.0s.wav	1
47	Spectrogram 1	1	138.000000000	141.000000000	0.0	24000.0	0.148_3_ELDON1_20250422_185600_2265.0s_2268.0s.wav	1
48	Waveform 1	1	141.000000000	144.000000000	0.0	24000.0	0.150_3_ELDON6_20250418_063202_2865.0s_2868.0s.wav	1
48	Spectrogram 1	1	141.000000000	144.000000000	0.0	24000.0	0.150_3_ELDON6_20250418_063202_2865.0s_2868.0s.wav	1
49	Waveform 1	1	144.000000000	147.000000000	0.0	24000.0	0.151_38_ELDON4_20250420_062902_1719.0s_1722.0s.wav	1
49	Spectrogram 1	1	144.000000000	147.000000000	0.0	24000.0	0.151_38_ELDON4_20250420_062902_1719.0s_1722.0s.wav	1
50	Waveform 1	1	147.000000000	150.000000000	0.0	24000.0	0.151_3_ELDON5_20250420_185400_2301.0s_2304.0s.wav	1
50	Spectrogram 1	1	147.000000000	150.000000000	0.0	24000.0	0.151_3_ELDON5_20250420_185400_2301.0s_2304.0s.wav	1
51	Waveform 1	1	150.000000000	153.000000000	0.0	24000.0	0.157_11_ELDON5_20250419_063102_1065.0s_1068.0s.wav	1
51	Spectrogram 1	1	150.000000000	153.000000000	0.0	24000.0	0.157_11_ELDON5_20250419_063102_1065.0s_1068.0s.wav	1
52	Waveform 1	1	153.000000000	156.000000000	0.0	24000.0	0.159_33_ELDON3_20250421_185500_420.0s_423.0s.wav	0
52	Spectrogram 1	1	153.000000000	156.000000000	0.0	24000.0	0.159_33_ELDON3_20250421_185500_420.0s_423.0s.wav	0
53	Waveform 1	1	156.000000000	159.000000000	0.0	24000.0	0.162_12_ELDON4_20250425_062302_1218.0s_1221.0s.wav	1
53	Spectrogram 1	1	156.000000000	159.000000000	0.0	24000.0	0.162_12_ELDON4_20250425_062302_1218.0s_1221.0s.wav	1
54	Waveform 1	1	159.000000000	162.000000000	0.0	24000.0	0.163_13_ELDON3_20250424_185800_2028.0s_2031.0s.wav	0
54	Spectrogram 1	1	159.000000000	162.000000000	0.0	24000.0	0.163_13_ELDON3_20250424_185800_2028.0s_2031.0s.wav	0
55	Waveform 1	1	162.000000000	165.000000000	0.0	24000.0	0.164_120_ELDON10_20250421_185500_1914.0s_1917.0s.wav	1
55	Spectrogram 1	1	162.000000000	165.000000000	0.0	24000.0	0.164_120_ELDON10_20250421_185500_1914.0s_1917.0s.wav	1
56	Waveform 1	1	165.000000000	168.000000000	0.0	24000.0	0.164_4_ELDON2_20250429_061802_84.0s_87.0s.wav	1
56	Spectrogram 1	1	165.000000000	168.000000000	0.0	24000.0	0.164_4_ELDON2_20250429_061802_84.0s_87.0s.wav	1
57	Waveform 1	1	168.000000000	171.000000000	0.0	24000.0	0.164_5_ELDON6_20250420_062902_1575.0s_1578.0s.wav	1
57	Spectrogram 1	1	168.000000000	171.000000000	0.0	24000.0	0.164_5_ELDON6_20250420_062902_1575.0s_1578.0s.wav	1
58	Waveform 1	1	171.000000000	174.000000000	0.0	24000.0	0.165_44_ELDON4_20250419_185300_531.0s_534.0s.wav	0
58	Spectrogram 1	1	171.000000000	174.000000000	0.0	24000.0	0.165_44_ELDON4_20250419_185300_531.0s_534.0s.wav	0
59	Waveform 1	1	174.000000000	177.000000000	0.0	24000.0	0.168_121_ELDON10_20250421_185500_870.0s_873.0s.wav	0
59	Spectrogram 1	1	174.000000000	177.000000000	0.0	24000.0	0.168_121_ELDON10_20250421_185500_870.0s_873.0s.wav	0
60	Waveform 1	1	177.000000000	180.000000000	0.0	24000.0	0.168_12_ELDON3_20250424_185800_1731.0s_1734.0s.wav	1
60	Spectrogram 1	1	177.000000000	180.000000000	0.0	24000.0	0.168_12_ELDON3_20250424_185800_1731.0s_1734.0s.wav	1
61	Waveform 1	1	180.000000000	183.000000000	0.0	24000.0	0.171_14_ELDON2_20250420_052900_3465.0s_3468.0s.wav	1
61	Spectrogram 1	1	180.000000000	183.000000000	0.0	24000.0	0.171_14_ELDON2_20250420_052900_3465.0s_3468.0s.wav	1
62	Waveform 1	1	183.000000000	186.000000000	0.0	24000.0	0.174_10_ELDON1_20250430_200402_498.0s_501.0s.wav	1
62	Spectrogram 1	1	183.000000000	186.000000000	0.0	24000.0	0.174_10_ELDON1_20250430_200402_498.0s_501.0s.wav	1
63	Waveform 1	1	186.000000000	189.000000000	0.0	24000.0	0.178_18_ELDON5_20250420_062902_2736.0s_2739.0s.wav	1
63	Spectrogram 1	1	186.000000000	189.000000000	0.0	24000.0	0.178_18_ELDON5_20250420_062902_2736.0s_2739.0s.wav	1
64	Waveform 1	1	189.000000000	192.000000000	0.0	24000.0	0.179_124_ELDON10_20250421_185500_423.0s_426.0s.wav	1
64	Spectrogram 1	1	189.000000000	192.000000000	0.0	24000.0	0.179_124_ELDON10_20250421_185500_423.0s_426.0s.wav	1
65	Waveform 1	1	192.000000000	195.000000000	0.0	24000.0	0.180_43_ELDON4_20250419_185300_816.0s_819.0s.wav	0
65	Spectrogram 1	1	192.000000000	195.000000000	0.0	24000.0	0.180_43_ELDON4_20250419_185300_816.0s_819.0s.wav	0
66	Waveform 1	1	195.000000000	198.000000000	0.0	24000.0	0.181_2_ELDON6_20250419_185300_2799.0s_2802.0s.wav	1
66	Spectrogram 1	1	195.000000000	198.000000000	0.0	24000.0	0.181_2_ELDON6_20250419_185300_2799.0s_2802.0s.wav	1
67	Waveform 1	1	198.000000000	201.000000000	0.0	24000.0	0.184_7_ELDON4_20250424_062402_111.0s_114.0s.wav	0
67	Spectrogram 1	1	198.000000000	201.000000000	0.0	24000.0	0.184_7_ELDON4_20250424_062402_111.0s_114.0s.wav	0
68	Waveform 1	1	201.000000000	204.000000000	0.0	24000.0	0.187_40_ELDON3_20250417_185100_2067.0s_2070.0s.wav	1
68	Spectrogram 1	1	201.000000000	204.000000000	0.0	24000.0	0.187_40_ELDON3_20250417_185100_2067.0s_2070.0s.wav	1
69	Waveform 1	1	204.000000000	207.000000000	0.0	24000.0	0.190_9_ELDON5_20250420_185400_2262.0s_2265.0s.wav	1
69	Spectrogram 1	1	204.000000000	207.000000000	0.0	24000.0	0.190_9_ELDON5_20250420_185400_2262.0s_2265.0s.wav	1
70	Waveform 1	1	207.000000000	210.000000000	0.0	24000.0	0.191_19_ELDON3_20250425_062302_834.0s_837.0s.wav	1
70	Spectrogram 1	1	207.000000000	210.000000000	0.0	24000.0	0.191_19_ELDON3_20250425_062302_834.0s_837.0s.wav	1
71	Waveform 1	1	210.000000000	213.000000000	0.0	24000.0	0.192_2_ELDON2_20250425_185900_1410.0s_1413.0s.wav	1
71	Spectrogram 1	1	210.000000000	213.000000000	0.0	24000.0	0.192_2_ELDON2_20250425_185900_1410.0s_1413.0s.wav	1
72	Waveform 1	1	213.000000000	216.000000000	0.0	24000.0	0.201_5_ELDON1_20250427_062002_246.0s_249.0s.wav	1
72	Spectrogram 1	1	213.000000000	216.000000000	0.0	24000.0	0.201_5_ELDON1_20250427_062002_246.0s_249.0s.wav	1
73	Waveform 1	1	216.000000000	219.000000000	0.0	24000.0	0.203_5_ELDON6_20250420_185400_1542.0s_1545.0s.wav	1
73	Spectrogram 1	1	216.000000000	219.000000000	0.0	24000.0	0.203_5_ELDON6_20250420_185400_1542.0s_1545.0s.wav	1
74	Waveform 1	1	219.000000000	222.000000000	0.0	24000.0	0.206_151_ELDON4_20250418_063202_2739.0s_2742.0s.wav	0
74	Spectrogram 1	1	219.000000000	222.000000000	0.0	24000.0	0.206_151_ELDON4_20250418_063202_2739.0s_2742.0s.wav	0
75	Waveform 1	1	222.000000000	225.000000000	0.0	24000.0	0.207_13_ELDON5_20250420_062902_2769.0s_2772.0s.wav	1
75	Spectrogram 1	1	222.000000000	225.000000000	0.0	24000.0	0.207_13_ELDON5_20250420_062902_2769.0s_2772.0s.wav	1
76	Waveform 1	1	225.000000000	228.000000000	0.0	24000.0	0.213_21_ELDON4_20250423_062502_2379.0s_2382.0s.wav	1
76	Spectrogram 1	1	225.000000000	228.000000000	0.0	24000.0	0.213_21_ELDON4_20250423_062502_2379.0s_2382.0s.wav	1
77	Waveform 1	1	228.000000000	231.000000000	0.0	24000.0	0.214_20_ELDON3_20250418_063202_210.0s_213.0s.wav	1
77	Spectrogram 1	1	228.000000000	231.000000000	0.0	24000.0	0.214_20_ELDON3_20250418_063202_210.0s_213.0s.wav	1
78	Waveform 1	1	231.000000000	234.000000000	0.0	24000.0	0.217_48_ELDON2_20250419_185300_2019.0s_2022.0s.wav	1
78	Spectrogram 1	1	231.000000000	234.000000000	0.0	24000.0	0.217_48_ELDON2_20250419_185300_2019.0s_2022.0s.wav	1
79	Waveform 1	1	234.000000000	237.000000000	0.0	24000.0	0.219_4_ELDON5_20250421_062802_2340.0s_2343.0s.wav	0
79	Spectrogram 1	1	234.000000000	237.000000000	0.0	24000.0	0.219_4_ELDON5_20250421_062802_2340.0s_2343.0s.wav	0
80	Waveform 1	1	237.000000000	240.000000000	0.0	24000.0	0.219_4_ELDON6_20250420_185400_2820.0s_2823.0s.wav	0
80	Spectrogram 1	1	237.000000000	240.000000000	0.0	24000.0	0.219_4_ELDON6_20250420_185400_2820.0s_2823.0s.wav	0
81	Waveform 1	1	240.000000000	243.000000000	0.0	24000.0	0.223_6_ELDON3_20250424_185800_2178.0s_2181.0s.wav	1
81	Spectrogram 1	1	240.000000000	243.000000000	0.0	24000.0	0.223_6_ELDON3_20250424_185800_2178.0s_2181.0s.wav	1
82	Waveform 1	1	243.000000000	246.000000000	0.0	24000.0	0.228_123_ELDON10_20250421_185500_534.0s_537.0s.wav	1
82	Spectrogram 1	1	243.000000000	246.000000000	0.0	24000.0	0.228_123_ELDON10_20250421_185500_534.0s_537.0s.wav	1
83	Waveform 1	1	246.000000000	249.000000000	0.0	24000.0	0.229_4_ELDON5_20250419_185300_1524.0s_1527.0s.wav	1
83	Spectrogram 1	1	246.000000000	249.000000000	0.0	24000.0	0.229_4_ELDON5_20250419_185300_1524.0s_1527.0s.wav	1
84	Waveform 1	1	249.000000000	252.000000000	0.0	24000.0	0.233_7_ELDON3_20250420_062902_2361.0s_2364.0s.wav	1
84	Spectrogram 1	1	249.000000000	252.000000000	0.0	24000.0	0.233_7_ELDON3_20250420_062902_2361.0s_2364.0s.wav	1
85	Waveform 1	1	252.000000000	255.000000000	0.0	24000.0	0.234_11_ELDON5_20250420_185400_2718.0s_2721.0s.wav	1
85	Spectrogram 1	1	252.000000000	255.000000000	0.0	24000.0	0.234_11_ELDON5_20250420_185400_2718.0s_2721.0s.wav	1
86	Waveform 1	1	255.000000000	258.000000000	0.0	24000.0	0.235_8_ELDON1_20250424_185800_1836.0s_1839.0s.wav	1
86	Spectrogram 1	1	255.000000000	258.000000000	0.0	24000.0	0.235_8_ELDON1_20250424_185800_1836.0s_1839.0s.wav	1
87	Waveform 1	1	258.000000000	261.000000000	0.0	24000.0	0.240_2_ELDON2_20250425_062302_1608.0s_1611.0s.wav	1
87	Spectrogram 1	1	258.000000000	261.000000000	0.0	24000.0	0.240_2_ELDON2_20250425_062302_1608.0s_1611.0s.wav	1
88	Waveform 1	1	261.000000000	264.000000000	0.0	24000.0	0.241_38_ELDON4_20250421_062802_2289.0s_2292.0s.wav	1
88	Spectrogram 1	1	261.000000000	264.000000000	0.0	24000.0	0.241_38_ELDON4_20250421_062802_2289.0s_2292.0s.wav	1
89	Waveform 1	1	264.000000000	267.000000000	0.0	24000.0	0.242_6_ELDON4_20250427_062002_621.0s_624.0s.wav	1
89	Spectrogram 1	1	264.000000000	267.000000000	0.0	24000.0	0.242_6_ELDON4_20250427_062002_621.0s_624.0s.wav	1
90	Waveform 1	1	267.000000000	270.000000000	0.0	24000.0	0.251_14_ELDON6_20250421_062802_2886.0s_2889.0s.wav	1
90	Spectrogram 1	1	267.000000000	270.000000000	0.0	24000.0	0.251_14_ELDON6_20250421_062802_2886.0s_2889.0s.wav	1
91	Waveform 1	1	270.000000000	273.000000000	0.0	24000.0	0.258_17_ELDON4_20250423_062502_2637.0s_2640.0s.wav	1
91	Spectrogram 1	1	270.000000000	273.000000000	0.0	24000.0	0.258_17_ELDON4_20250423_062502_2637.0s_2640.0s.wav	1
92	Waveform 1	1	273.000000000	276.000000000	0.0	24000.0	0.264_36_ELDON3_20250421_185500_1554.0s_1557.0s.wav	1
92	Spectrogram 1	1	273.000000000	276.000000000	0.0	24000.0	0.264_36_ELDON3_20250421_185500_1554.0s_1557.0s.wav	1
93	Waveform 1	1	276.000000000	279.000000000	0.0	24000.0	0.267_1_ELDON3_20250422_185600_2025.0s_2028.0s.wav	1
93	Spectrogram 1	1	276.000000000	279.000000000	0.0	24000.0	0.267_1_ELDON3_20250422_185600_2025.0s_2028.0s.wav	1
94	Waveform 1	1	279.000000000	282.000000000	0.0	24000.0	0.268_5_ELDON1_20250425_185900_2685.0s_2688.0s.wav	1
94	Spectrogram 1	1	279.000000000	282.000000000	0.0	24000.0	0.268_5_ELDON1_20250425_185900_2685.0s_2688.0s.wav	1
95	Waveform 1	1	282.000000000	285.000000000	0.0	24000.0	0.270_125_ELDON10_20250421_185500_1017.0s_1020.0s.wav	1
95	Spectrogram 1	1	282.000000000	285.000000000	0.0	24000.0	0.270_125_ELDON10_20250421_185500_1017.0s_1020.0s.wav	1
96	Waveform 1	1	285.000000000	288.000000000	0.0	24000.0	0.270_14_ELDON6_20250419_185300_186.0s_189.0s.wav	1
96	Spectrogram 1	1	285.000000000	288.000000000	0.0	24000.0	0.270_14_ELDON6_20250419_185300_186.0s_189.0s.wav	1
97	Waveform 1	1	288.000000000	291.000000000	0.0	24000.0	0.271_5_ELDON4_20250424_185800_1059.0s_1062.0s.wav	1
97	Spectrogram 1	1	288.000000000	291.000000000	0.0	24000.0	0.271_5_ELDON4_20250424_185800_1059.0s_1062.0s.wav	1
98	Waveform 1	1	291.000000000	294.000000000	0.0	24000.0	0.272_2_ELDON2_20250427_190100_696.0s_699.0s.wav	1
98	Spectrogram 1	1	291.000000000	294.000000000	0.0	24000.0	0.272_2_ELDON2_20250427_190100_696.0s_699.0s.wav	1
99	Waveform 1	1	294.000000000	297.000000000	0.0	24000.0	0.280_3_ELDON5_20250420_062902_1956.0s_1959.0s.wav	1
99	Spectrogram 1	1	294.000000000	297.000000000	0.0	24000.0	0.280_3_ELDON5_20250420_062902_1956.0s_1959.0s.wav	1
100	Waveform 1	1	297.000000000	300.000000000	0.0	24000.0	0.280_8_ELDON2_20250418_063202_2673.0s_2676.0s.wav	1
100	Spectrogram 1	1	297.000000000	300.000000000	0.0	24000.0	0.280_8_ELDON2_20250418_063202_2673.0s_2676.0s.wav	1
101	Waveform 1	1	300.000000000	303.000000000	0.0	24000.0	0.289_28_ELDON3_20250419_185300_3486.0s_3489.0s.wav	1
101	Spectrogram 1	1	300.000000000	303.000000000	0.0	24000.0	0.289_28_ELDON3_20250419_185300_3486.0s_3489.0s.wav	1
102	Waveform 1	1	303.000000000	306.000000000	0.0	24000.0	0.289_56_ELDON4_20250419_063102_3279.0s_3282.0s.wav	1
102	Spectrogram 1	1	303.000000000	306.000000000	0.0	24000.0	0.289_56_ELDON4_20250419_063102_3279.0s_3282.0s.wav	1
103	Waveform 1	1	306.000000000	309.000000000	0.0	24000.0	0.291_12_ELDON6_20250421_062802_1158.0s_1161.0s.wav	0
103	Spectrogram 1	1	306.000000000	309.000000000	0.0	24000.0	0.291_12_ELDON6_20250421_062802_1158.0s_1161.0s.wav	0
104	Waveform 1	1	309.000000000	312.000000000	0.0	24000.0	0.292_6_ELDON5_20250420_062902_435.0s_438.0s.wav	1
104	Spectrogram 1	1	309.000000000	312.000000000	0.0	24000.0	0.292_6_ELDON5_20250420_062902_435.0s_438.0s.wav	1
105	Waveform 1	1	312.000000000	315.000000000	0.0	24000.0	0.293_2_ELDON4_20250423_185700_1233.0s_1236.0s.wav	1
105	Spectrogram 1	1	312.000000000	315.000000000	0.0	24000.0	0.293_2_ELDON4_20250423_185700_1233.0s_1236.0s.wav	1
106	Waveform 1	1	315.000000000	318.000000000	0.0	24000.0	0.296_160_ELDON4_20250418_063202_2697.0s_2700.0s.wav	0
106	Spectrogram 1	1	315.000000000	318.000000000	0.0	24000.0	0.296_160_ELDON4_20250418_063202_2697.0s_2700.0s.wav	0
107	Waveform 1	1	318.000000000	321.000000000	0.0	24000.0	0.303_17_ELDON5_20250420_062902_1545.0s_1548.0s.wav	1
107	Spectrogram 1	1	318.000000000	321.000000000	0.0	24000.0	0.303_17_ELDON5_20250420_062902_1545.0s_1548.0s.wav	1
108	Waveform 1	1	321.000000000	324.000000000	0.0	24000.0	0.309_6_ELDON5_20250419_063102_3291.0s_3294.0s.wav	1
108	Spectrogram 1	1	321.000000000	324.000000000	0.0	24000.0	0.309_6_ELDON5_20250419_063102_3291.0s_3294.0s.wav	1
109	Waveform 1	1	324.000000000	327.000000000	0.0	24000.0	0.314_14_ELDON3_20250425_062302_3021.0s_3024.0s.wav	1
109	Spectrogram 1	1	324.000000000	327.000000000	0.0	24000.0	0.314_14_ELDON3_20250425_062302_3021.0s_3024.0s.wav	1
110	Waveform 1	1	327.000000000	330.000000000	0.0	24000.0	0.314_19_ELDON6_20250419_185300_177.0s_180.0s.wav	1
110	Spectrogram 1	1	327.000000000	330.000000000	0.0	24000.0	0.314_19_ELDON6_20250419_185300_177.0s_180.0s.wav	1
111	Waveform 1	1	330.000000000	333.000000000	0.0	24000.0	0.319_54_ELDON4_20250419_053100_1818.0s_1821.0s.wav	1
111	Spectrogram 1	1	330.000000000	333.000000000	0.0	24000.0	0.319_54_ELDON4_20250419_053100_1818.0s_1821.0s.wav	1
112	Waveform 1	1	333.000000000	336.000000000	0.0	24000.0	0.320_3_ELDON2_20250428_061902_678.0s_681.0s.wav	1
112	Spectrogram 1	1	333.000000000	336.000000000	0.0	24000.0	0.320_3_ELDON2_20250428_061902_678.0s_681.0s.wav	1
113	Waveform 1	1	336.000000000	339.000000000	0.0	24000.0	0.321_5_ELDON1_20250428_061902_2658.0s_2661.0s.wav	1
113	Spectrogram 1	1	336.000000000	339.000000000	0.0	24000.0	0.321_5_ELDON1_20250428_061902_2658.0s_2661.0s.wav	1
114	Waveform 1	1	339.000000000	342.000000000	0.0	24000.0	0.326_122_ELDON10_20250421_185500_1917.0s_1920.0s.wav	1
114	Spectrogram 1	1	339.000000000	342.000000000	0.0	24000.0	0.326_122_ELDON10_20250421_185500_1917.0s_1920.0s.wav	1
115	Waveform 1	1	342.000000000	345.000000000	0.0	24000.0	0.331_7_ELDON3_20250421_185500_3183.0s_3186.0s.wav	1
115	Spectrogram 1	1	342.000000000	345.000000000	0.0	24000.0	0.331_7_ELDON3_20250421_185500_3183.0s_3186.0s.wav	1
116	Waveform 1	1	345.000000000	348.000000000	0.0	24000.0	0.333_43_ELDON4_20250430_051600_1593.0s_1596.0s.wav	1
116	Spectrogram 1	1	345.000000000	348.000000000	0.0	24000.0	0.333_43_ELDON4_20250430_051600_1593.0s_1596.0s.wav	1
117	Waveform 1	1	348.000000000	351.000000000	0.0	24000.0	0.341_4_ELDON3_20250425_185900_2019.0s_2022.0s.wav	1
117	Spectrogram 1	1	348.000000000	351.000000000	0.0	24000.0	0.341_4_ELDON3_20250425_185900_2019.0s_2022.0s.wav	1
118	Waveform 1	1	351.000000000	354.000000000	0.0	24000.0	0.345_12_ELDON5_20250421_062802_2238.0s_2241.0s.wav	1
118	Spectrogram 1	1	351.000000000	354.000000000	0.0	24000.0	0.345_12_ELDON5_20250421_062802_2238.0s_2241.0s.wav	1
119	Waveform 1	1	354.000000000	357.000000000	0.0	24000.0	0.349_33_ELDON2_20250419_185300_1872.0s_1875.0s.wav	1
119	Spectrogram 1	1	354.000000000	357.000000000	0.0	24000.0	0.349_33_ELDON2_20250419_185300_1872.0s_1875.0s.wav	1
120	Waveform 1	1	357.000000000	360.000000000	0.0	24000.0	0.350_11_ELDON6_20250420_062902_456.0s_459.0s.wav	1
120	Spectrogram 1	1	357.000000000	360.000000000	0.0	24000.0	0.350_11_ELDON6_20250420_062902_456.0s_459.0s.wav	1
121	Waveform 1	1	360.000000000	363.000000000	0.0	24000.0	0.355_2_ELDON5_20250421_185500_1146.0s_1149.0s.wav	1
121	Spectrogram 1	1	360.000000000	363.000000000	0.0	24000.0	0.355_2_ELDON5_20250421_185500_1146.0s_1149.0s.wav	1
122	Waveform 1	1	363.000000000	366.000000000	0.0	24000.0	0.356_15_ELDON1_20250423_062502_2559.0s_2562.0s.wav	1
122	Spectrogram 1	1	363.000000000	366.000000000	0.0	24000.0	0.356_15_ELDON1_20250423_062502_2559.0s_2562.0s.wav	1
123	Waveform 1	1	366.000000000	369.000000000	0.0	24000.0	0.367_23_ELDON3_20250421_062802_3453.0s_3456.0s.wav	1
123	Spectrogram 1	1	366.000000000	369.000000000	0.0	24000.0	0.367_23_ELDON3_20250421_062802_3453.0s_3456.0s.wav	1
124	Waveform 1	1	369.000000000	372.000000000	0.0	24000.0	0.374_7_ELDON5_20250420_185400_2445.0s_2448.0s.wav	1
124	Spectrogram 1	1	369.000000000	372.000000000	0.0	24000.0	0.374_7_ELDON5_20250420_185400_2445.0s_2448.0s.wav	1
125	Waveform 1	1	372.000000000	375.000000000	0.0	24000.0	0.379_16_ELDON6_20250419_185300_2484.0s_2487.0s.wav	1
125	Spectrogram 1	1	372.000000000	375.000000000	0.0	24000.0	0.379_16_ELDON6_20250419_185300_2484.0s_2487.0s.wav	1
126	Waveform 1	1	375.000000000	378.000000000	0.0	24000.0	0.382_15_ELDON5_20250420_062902_1839.0s_1842.0s.wav	1
126	Spectrogram 1	1	375.000000000	378.000000000	0.0	24000.0	0.382_15_ELDON5_20250420_062902_1839.0s_1842.0s.wav	1
127	Waveform 1	1	378.000000000	381.000000000	0.0	24000.0	0.386_1_ELDON2_20250425_062302_2130.0s_2133.0s.wav	1
127	Spectrogram 1	1	378.000000000	381.000000000	0.0	24000.0	0.386_1_ELDON2_20250425_062302_2130.0s_2133.0s.wav	1
128	Waveform 1	1	381.000000000	384.000000000	0.0	24000.0	0.388_10_ELDON1_20250423_185700_1833.0s_1836.0s.wav	1
128	Spectrogram 1	1	381.000000000	384.000000000	0.0	24000.0	0.388_10_ELDON1_20250423_185700_1833.0s_1836.0s.wav	1
129	Waveform 1	1	384.000000000	387.000000000	0.0	24000.0	0.395_44_ELDON4_20250420_062902_1713.0s_1716.0s.wav	1
129	Spectrogram 1	1	384.000000000	387.000000000	0.0	24000.0	0.395_44_ELDON4_20250420_062902_1713.0s_1716.0s.wav	1
130	Waveform 1	1	387.000000000	390.000000000	0.0	24000.0	0.407_1_ELDON2_20250420_195402_507.0s_510.0s.wav	1
130	Spectrogram 1	1	387.000000000	390.000000000	0.0	24000.0	0.407_1_ELDON2_20250420_195402_507.0s_510.0s.wav	1
131	Waveform 1	1	390.000000000	393.000000000	0.0	24000.0	0.410_10_ELDON4_20250430_190400_2433.0s_2436.0s.wav	1
131	Spectrogram 1	1	390.000000000	393.000000000	0.0	24000.0	0.410_10_ELDON4_20250430_190400_2433.0s_2436.0s.wav	1
132	Waveform 1	1	393.000000000	396.000000000	0.0	24000.0	0.413_52_ELDON3_20250420_185400_1398.0s_1401.0s.wav	1
132	Spectrogram 1	1	393.000000000	396.000000000	0.0	24000.0	0.413_52_ELDON3_20250420_185400_1398.0s_1401.0s.wav	1
133	Waveform 1	1	396.000000000	399.000000000	0.0	24000.0	0.424_127_ELDON10_20250421_185500_567.0s_570.0s.wav	1
133	Spectrogram 1	1	396.000000000	399.000000000	0.0	24000.0	0.424_127_ELDON10_20250421_185500_567.0s_570.0s.wav	1
134	Waveform 1	1	399.000000000	402.000000000	0.0	24000.0	0.432_2_ELDON5_20250421_062802_2133.0s_2136.0s.wav	1
134	Spectrogram 1	1	399.000000000	402.000000000	0.0	24000.0	0.432_2_ELDON5_20250421_062802_2133.0s_2136.0s.wav	1
135	Waveform 1	1	402.000000000	405.000000000	0.0	24000.0	0.434_10_ELDON1_20250424_052400_1644.0s_1647.0s.wav	1
135	Spectrogram 1	1	402.000000000	405.000000000	0.0	24000.0	0.434_10_ELDON1_20250424_052400_1644.0s_1647.0s.wav	1
136	Waveform 1	1	405.000000000	408.000000000	0.0	24000.0	0.436_10_ELDON4_20250430_051600_2718.0s_2721.0s.wav	1
136	Spectrogram 1	1	405.000000000	408.000000000	0.0	24000.0	0.436_10_ELDON4_20250430_051600_2718.0s_2721.0s.wav	1
137	Waveform 1	1	408.000000000	411.000000000	0.0	24000.0	0.438_4_ELDON3_20250422_185600_3006.0s_3009.0s.wav	1
137	Spectrogram 1	1	408.000000000	411.000000000	0.0	24000.0	0.438_4_ELDON3_20250422_185600_3006.0s_3009.0s.wav	1
138	Waveform 1	1	411.000000000	414.000000000	0.0	24000.0	0.458_10_ELDON6_20250420_062902_1590.0s_1593.0s.wav	1
138	Spectrogram 1	1	411.000000000	414.000000000	0.0	24000.0	0.458_10_ELDON6_20250420_062902_1590.0s_1593.0s.wav	1
139	Waveform 1	1	414.000000000	417.000000000	0.0	24000.0	0.458_30_ELDON2_20250421_185500_2385.0s_2388.0s.wav	1
139	Spectrogram 1	1	414.000000000	417.000000000	0.0	24000.0	0.458_30_ELDON2_20250421_185500_2385.0s_2388.0s.wav	1
140	Waveform 1	1	417.000000000	420.000000000	0.0	24000.0	0.465_16_ELDON5_20250420_062902_2733.0s_2736.0s.wav	1
140	Spectrogram 1	1	417.000000000	420.000000000	0.0	24000.0	0.465_16_ELDON5_20250420_062902_2733.0s_2736.0s.wav	1
141	Waveform 1	1	420.000000000	423.000000000	0.0	24000.0	0.469_18_ELDON4_20250428_051900_1665.0s_1668.0s.wav	1
141	Spectrogram 1	1	420.000000000	423.000000000	0.0	24000.0	0.469_18_ELDON4_20250428_051900_1665.0s_1668.0s.wav	1
142	Waveform 1	1	423.000000000	426.000000000	0.0	24000.0	0.475_10_ELDON1_20250427_062002_2838.0s_2841.0s.wav	1
142	Spectrogram 1	1	423.000000000	426.000000000	0.0	24000.0	0.475_10_ELDON1_20250427_062002_2838.0s_2841.0s.wav	1
143	Waveform 1	1	426.000000000	429.000000000	0.0	24000.0	0.477_2_ELDON2_20250427_052000_2169.0s_2172.0s.wav	1
143	Spectrogram 1	1	426.000000000	429.000000000	0.0	24000.0	0.477_2_ELDON2_20250427_052000_2169.0s_2172.0s.wav	1
144	Waveform 1	1	429.000000000	432.000000000	0.0	24000.0	0.480_118_ELDON4_20250421_185500_231.0s_234.0s.wav	1
144	Spectrogram 1	1	429.000000000	432.000000000	0.0	24000.0	0.480_118_ELDON4_20250421_185500_231.0s_234.0s.wav	1
145	Waveform 1	1	432.000000000	435.000000000	0.0	24000.0	0.483_3_ELDON3_20250420_052900_3159.0s_3162.0s.wav	1
145	Spectrogram 1	1	432.000000000	435.000000000	0.0	24000.0	0.483_3_ELDON3_20250420_052900_3159.0s_3162.0s.wav	1
146	Waveform 1	1	435.000000000	438.000000000	0.0	24000.0	0.487_5_ELDON6_20250421_062802_2895.0s_2898.0s.wav	1
146	Spectrogram 1	1	435.000000000	438.000000000	0.0	24000.0	0.487_5_ELDON6_20250421_062802_2895.0s_2898.0s.wav	1
147	Waveform 1	1	438.000000000	441.000000000	0.0	24000.0	0.497_9_ELDON3_20250424_185800_3087.0s_3090.0s.wav	1
147	Spectrogram 1	1	438.000000000	441.000000000	0.0	24000.0	0.497_9_ELDON3_20250424_185800_3087.0s_3090.0s.wav	1
148	Waveform 1	1	441.000000000	444.000000000	0.0	24000.0	0.505_5_ELDON2_20250421_052800_3345.0s_3348.0s.wav	1
148	Spectrogram 1	1	441.000000000	444.000000000	0.0	24000.0	0.505_5_ELDON2_20250421_052800_3345.0s_3348.0s.wav	1
149	Waveform 1	1	444.000000000	447.000000000	0.0	24000.0	0.512_2_ELDON2_20250430_051600_2655.0s_2658.0s.wav	1
149	Spectrogram 1	1	444.000000000	447.000000000	0.0	24000.0	0.512_2_ELDON2_20250430_051600_2655.0s_2658.0s.wav	1
150	Waveform 1	1	447.000000000	450.000000000	0.0	24000.0	0.515_8_ELDON4_20250423_185700_1209.0s_1212.0s.wav	1
150	Spectrogram 1	1	447.000000000	450.000000000	0.0	24000.0	0.515_8_ELDON4_20250423_185700_1209.0s_1212.0s.wav	1
151	Waveform 1	1	450.000000000	453.000000000	0.0	24000.0	0.523_3_ELDON6_20250421_185500_444.0s_447.0s.wav	1
151	Spectrogram 1	1	450.000000000	453.000000000	0.0	24000.0	0.523_3_ELDON6_20250421_185500_444.0s_447.0s.wav	1
152	Waveform 1	1	453.000000000	456.000000000	0.0	24000.0	0.523_7_ELDON5_20250419_185300_882.0s_885.0s.wav	1
152	Spectrogram 1	1	453.000000000	456.000000000	0.0	24000.0	0.523_7_ELDON5_20250419_185300_882.0s_885.0s.wav	1
153	Waveform 1	1	456.000000000	459.000000000	0.0	24000.0	0.535_34_ELDON3_20250424_062402_2631.0s_2634.0s.wav	1
153	Spectrogram 1	1	456.000000000	459.000000000	0.0	24000.0	0.535_34_ELDON3_20250424_062402_2631.0s_2634.0s.wav	1
154	Waveform 1	1	459.000000000	462.000000000	0.0	24000.0	0.556_2_ELDON3_20250420_195402_438.0s_441.0s.wav	1
154	Spectrogram 1	1	459.000000000	462.000000000	0.0	24000.0	0.556_2_ELDON3_20250420_195402_438.0s_441.0s.wav	1
155	Waveform 1	1	462.000000000	465.000000000	0.0	24000.0	0.563_6_ELDON5_20250418_063202_2997.0s_3000.0s.wav	1
155	Spectrogram 1	1	462.000000000	465.000000000	0.0	24000.0	0.563_6_ELDON5_20250418_063202_2997.0s_3000.0s.wav	1
156	Waveform 1	1	465.000000000	468.000000000	0.0	24000.0	0.574_166_ELDON4_20250418_063202_2886.0s_2889.0s.wav	1
156	Spectrogram 1	1	465.000000000	468.000000000	0.0	24000.0	0.574_166_ELDON4_20250418_063202_2886.0s_2889.0s.wav	1
157	Waveform 1	1	468.000000000	471.000000000	0.0	24000.0	0.588_8_ELDON1_20250426_062102_912.0s_915.0s.wav	1
157	Spectrogram 1	1	468.000000000	471.000000000	0.0	24000.0	0.588_8_ELDON1_20250426_062102_912.0s_915.0s.wav	1
158	Waveform 1	1	471.000000000	474.000000000	0.0	24000.0	0.593_32_ELDON2_20250417_185100_1866.0s_1869.0s.wav	1
158	Spectrogram 1	1	471.000000000	474.000000000	0.0	24000.0	0.593_32_ELDON2_20250417_185100_1866.0s_1869.0s.wav	1
159	Waveform 1	1	474.000000000	477.000000000	0.0	24000.0	0.602_14_ELDON6_20250420_062902_1512.0s_1515.0s.wav	1
159	Spectrogram 1	1	474.000000000	477.000000000	0.0	24000.0	0.602_14_ELDON6_20250420_062902_1512.0s_1515.0s.wav	1
160	Waveform 1	1	477.000000000	480.000000000	0.0	24000.0	0.635_22_ELDON3_20250420_185400_3372.0s_3375.0s.wav	1
160	Spectrogram 1	1	477.000000000	480.000000000	0.0	24000.0	0.635_22_ELDON3_20250420_185400_3372.0s_3375.0s.wav	1
161	Waveform 1	1	480.000000000	483.000000000	0.0	24000.0	0.637_5_ELDON3_20250425_185900_771.0s_774.0s.wav	1
161	Spectrogram 1	1	480.000000000	483.000000000	0.0	24000.0	0.637_5_ELDON3_20250425_185900_771.0s_774.0s.wav	1
162	Waveform 1	1	483.000000000	486.000000000	0.0	24000.0	0.641_11_ELDON4_20250423_185700_822.0s_825.0s.wav	1
162	Spectrogram 1	1	483.000000000	486.000000000	0.0	24000.0	0.641_11_ELDON4_20250423_185700_822.0s_825.0s.wav	1
163	Waveform 1	1	486.000000000	489.000000000	0.0	24000.0	0.643_3_ELDON2_20250427_062002_1362.0s_1365.0s.wav	1
163	Spectrogram 1	1	486.000000000	489.000000000	0.0	24000.0	0.643_3_ELDON2_20250427_062002_1362.0s_1365.0s.wav	1
164	Waveform 1	1	489.000000000	492.000000000	0.0	24000.0	0.645_14_ELDON5_20250420_062902_3135.0s_3138.0s.wav	1
164	Spectrogram 1	1	489.000000000	492.000000000	0.0	24000.0	0.645_14_ELDON5_20250420_062902_3135.0s_3138.0s.wav	1
165	Waveform 1	1	492.000000000	495.000000000	0.0	24000.0	0.665_1_ELDON2_20250417_185100_294.0s_297.0s.wav	1
165	Spectrogram 1	1	492.000000000	495.000000000	0.0	24000.0	0.665_1_ELDON2_20250417_185100_294.0s_297.0s.wav	1
166	Waveform 1	1	495.000000000	498.000000000	0.0	24000.0	0.668_1_ELDON2_20250423_185700_1200.0s_1203.0s.wav	1
166	Spectrogram 1	1	495.000000000	498.000000000	0.0	24000.0	0.668_1_ELDON2_20250423_185700_1200.0s_1203.0s.wav	1
167	Waveform 1	1	498.000000000	501.000000000	0.0	24000.0	0.675_18_ELDON3_20250424_195802_636.0s_639.0s.wav	1
167	Spectrogram 1	1	498.000000000	501.000000000	0.0	24000.0	0.675_18_ELDON3_20250424_195802_636.0s_639.0s.wav	1
168	Waveform 1	1	501.000000000	504.000000000	0.0	24000.0	0.691_12_ELDON6_20250418_063202_612.0s_615.0s.wav	1
168	Spectrogram 1	1	501.000000000	504.000000000	0.0	24000.0	0.691_12_ELDON6_20250418_063202_612.0s_615.0s.wav	1
169	Waveform 1	1	504.000000000	507.000000000	0.0	24000.0	0.692_16_ELDON4_20250430_051600_1884.0s_1887.0s.wav	1
169	Spectrogram 1	1	504.000000000	507.000000000	0.0	24000.0	0.692_16_ELDON4_20250430_051600_1884.0s_1887.0s.wav	1
170	Waveform 1	1	507.000000000	510.000000000	0.0	24000.0	0.696_25_ELDON3_20250423_052500_2676.0s_2679.0s.wav	1
170	Spectrogram 1	1	507.000000000	510.000000000	0.0	24000.0	0.696_25_ELDON3_20250423_052500_2676.0s_2679.0s.wav	1
171	Waveform 1	1	510.000000000	513.000000000	0.0	24000.0	0.710_4_ELDON1_20250428_061902_3225.0s_3228.0s.wav	1
171	Spectrogram 1	1	510.000000000	513.000000000	0.0	24000.0	0.710_4_ELDON1_20250428_061902_3225.0s_3228.0s.wav	1
172	Waveform 1	1	513.000000000	516.000000000	0.0	24000.0	0.712_31_ELDON3_20250420_185400_2346.0s_2349.0s.wav	1
172	Spectrogram 1	1	513.000000000	516.000000000	0.0	24000.0	0.712_31_ELDON3_20250420_185400_2346.0s_2349.0s.wav	1
173	Waveform 1	1	516.000000000	519.000000000	0.0	24000.0	0.723_12_ELDON2_20250419_063102_1938.0s_1941.0s.wav	1
173	Spectrogram 1	1	516.000000000	519.000000000	0.0	24000.0	0.723_12_ELDON2_20250419_063102_1938.0s_1941.0s.wav	1
174	Waveform 1	1	519.000000000	522.000000000	0.0	24000.0	0.735_1_ELDON2_20250429_051800_2718.0s_2721.0s.wav	1
174	Spectrogram 1	1	519.000000000	522.000000000	0.0	24000.0	0.735_1_ELDON2_20250429_051800_2718.0s_2721.0s.wav	1
175	Waveform 1	1	522.000000000	525.000000000	0.0	24000.0	0.760_17_ELDON4_20250430_051600_2649.0s_2652.0s.wav	1
175	Spectrogram 1	1	522.000000000	525.000000000	0.0	24000.0	0.760_17_ELDON4_20250430_051600_2649.0s_2652.0s.wav	1
176	Waveform 1	1	525.000000000	528.000000000	0.0	24000.0	0.765_1_ELDON2_20250426_062102_1500.0s_1503.0s.wav	1
176	Spectrogram 1	1	525.000000000	528.000000000	0.0	24000.0	0.765_1_ELDON2_20250426_062102_1500.0s_1503.0s.wav	1
177	Waveform 1	1	528.000000000	531.000000000	0.0	24000.0	0.778_17_ELDON3_20250423_062502_2430.0s_2433.0s.wav	1
177	Spectrogram 1	1	528.000000000	531.000000000	0.0	24000.0	0.778_17_ELDON3_20250423_062502_2430.0s_2433.0s.wav	1
178	Waveform 1	1	531.000000000	534.000000000	0.0	24000.0	0.782_32_ELDON2_20250421_185500_1101.0s_1104.0s.wav	1
178	Spectrogram 1	1	531.000000000	534.000000000	0.0	24000.0	0.782_32_ELDON2_20250421_185500_1101.0s_1104.0s.wav	1
179	Waveform 1	1	534.000000000	537.000000000	0.0	24000.0	0.794_2_ELDON3_20250420_052900_1902.0s_1905.0s.wav	1
179	Spectrogram 1	1	534.000000000	537.000000000	0.0	24000.0	0.794_2_ELDON3_20250420_052900_1902.0s_1905.0s.wav	1
180	Waveform 1	1	537.000000000	540.000000000	0.0	24000.0	0.796_1_ELDON6_20250417_185100_2790.0s_2793.0s.wav	1
180	Spectrogram 1	1	537.000000000	540.000000000	0.0	24000.0	0.796_1_ELDON6_20250417_185100_2790.0s_2793.0s.wav	1
181	Waveform 1	1	540.000000000	543.000000000	0.0	24000.0	0.796_3_ELDON1_20250424_185800_3090.0s_3093.0s.wav	1
181	Spectrogram 1	1	540.000000000	543.000000000	0.0	24000.0	0.796_3_ELDON1_20250424_185800_3090.0s_3093.0s.wav	1
182	Waveform 1	1	543.000000000	546.000000000	0.0	24000.0	0.815_2_ELDON2_20250428_200202_237.0s_240.0s.wav	1
182	Spectrogram 1	1	543.000000000	546.000000000	0.0	24000.0	0.815_2_ELDON2_20250428_200202_237.0s_240.0s.wav	1
183	Waveform 1	1	546.000000000	549.000000000	0.0	24000.0	0.820_18_ELDON4_20250430_051600_2181.0s_2184.0s.wav	1
183	Spectrogram 1	1	546.000000000	549.000000000	0.0	24000.0	0.820_18_ELDON4_20250430_051600_2181.0s_2184.0s.wav	1
184	Waveform 1	1	549.000000000	552.000000000	0.0	24000.0	0.821_6_ELDON2_20250419_185300_1719.0s_1722.0s.wav	1
184	Spectrogram 1	1	549.000000000	552.000000000	0.0	24000.0	0.821_6_ELDON2_20250419_185300_1719.0s_1722.0s.wav	1
185	Waveform 1	1	552.000000000	555.000000000	0.0	24000.0	0.829_26_ELDON3_20250425_062302_2037.0s_2040.0s.wav	1
185	Spectrogram 1	1	552.000000000	555.000000000	0.0	24000.0	0.829_26_ELDON3_20250425_062302_2037.0s_2040.0s.wav	1
186	Waveform 1	1	555.000000000	558.000000000	0.0	24000.0	0.857_19_ELDON2_20250420_052900_3453.0s_3456.0s.wav	1
186	Spectrogram 1	1	555.000000000	558.000000000	0.0	24000.0	0.857_19_ELDON2_20250420_052900_3453.0s_3456.0s.wav	1
187	Waveform 1	1	558.000000000	561.000000000	0.0	24000.0	0.861_12_ELDON1_20250425_062302_2772.0s_2775.0s.wav	1
187	Spectrogram 1	1	558.000000000	561.000000000	0.0	24000.0	0.861_12_ELDON1_20250425_062302_2772.0s_2775.0s.wav	1
188	Waveform 1	1	561.000000000	564.000000000	0.0	24000.0	0.864_9_ELDON6_20250419_063102_3384.0s_3387.0s.wav	1
188	Spectrogram 1	1	561.000000000	564.000000000	0.0	24000.0	0.864_9_ELDON6_20250419_063102_3384.0s_3387.0s.wav	1
189	Waveform 1	1	564.000000000	567.000000000	0.0	24000.0	0.872_42_ELDON3_20250418_063202_3096.0s_3099.0s.wav	1
189	Spectrogram 1	1	564.000000000	567.000000000	0.0	24000.0	0.872_42_ELDON3_20250418_063202_3096.0s_3099.0s.wav	1
190	Waveform 1	1	567.000000000	570.000000000	0.0	24000.0	0.882_15_ELDON3_20250424_185800_2844.0s_2847.0s.wav	1
190	Spectrogram 1	1	567.000000000	570.000000000	0.0	24000.0	0.882_15_ELDON3_20250424_185800_2844.0s_2847.0s.wav	1
191	Waveform 1	1	570.000000000	573.000000000	0.0	24000.0	0.890_25_ELDON2_20250421_185500_2304.0s_2307.0s.wav	1
191	Spectrogram 1	1	570.000000000	573.000000000	0.0	24000.0	0.890_25_ELDON2_20250421_185500_2304.0s_2307.0s.wav	1
192	Waveform 1	1	573.000000000	576.000000000	0.0	24000.0	0.901_2_ELDON2_20250423_185700_2991.0s_2994.0s.wav	1
192	Spectrogram 1	1	573.000000000	576.000000000	0.0	24000.0	0.901_2_ELDON2_20250423_185700_2991.0s_2994.0s.wav	1
193	Waveform 1	1	576.000000000	579.000000000	0.0	24000.0	0.914_20_ELDON4_20250430_051600_2763.0s_2766.0s.wav	1
193	Spectrogram 1	1	576.000000000	579.000000000	0.0	24000.0	0.914_20_ELDON4_20250430_051600_2763.0s_2766.0s.wav	1
194	Waveform 1	1	579.000000000	582.000000000	0.0	24000.0	0.915_19_ELDON3_20250425_052300_1791.0s_1794.0s.wav	1
194	Spectrogram 1	1	579.000000000	582.000000000	0.0	24000.0	0.915_19_ELDON3_20250425_052300_1791.0s_1794.0s.wav	1
195	Waveform 1	1	582.000000000	585.000000000	0.0	24000.0	0.919_6_ELDON2_20250428_061902_2778.0s_2781.0s.wav	1
195	Spectrogram 1	1	582.000000000	585.000000000	0.0	24000.0	0.919_6_ELDON2_20250428_061902_2778.0s_2781.0s.wav	1
196	Waveform 1	1	585.000000000	588.000000000	0.0	24000.0	0.926_1_ELDON1_20250427_190100_2850.0s_2853.0s.wav	1
196	Spectrogram 1	1	585.000000000	588.000000000	0.0	24000.0	0.926_1_ELDON1_20250427_190100_2850.0s_2853.0s.wav	1
197	Waveform 1	1	588.000000000	591.000000000	0.0	24000.0	0.929_49_ELDON2_20250417_185100_123.0s_126.0s.wav	1
197	Spectrogram 1	1	588.000000000	591.000000000	0.0	24000.0	0.929_49_ELDON2_20250417_185100_123.0s_126.0s.wav	1
198	Waveform 1	1	591.000000000	594.000000000	0.0	24000.0	0.943_3_ELDON2_20250422_062702_915.0s_918.0s.wav	1
198	Spectrogram 1	1	591.000000000	594.000000000	0.0	24000.0	0.943_3_ELDON2_20250422_062702_915.0s_918.0s.wav	1
199	Waveform 1	1	594.000000000	597.000000000	0.0	24000.0	0.949_44_ELDON2_20250421_185500_1155.0s_1158.0s.wav	1
199	Spectrogram 1	1	594.000000000	597.000000000	0.0	24000.0	0.949_44_ELDON2_20250421_185500_1155.0s_1158.0s.wav	1
200	Waveform 1	1	597.000000000	600.000000000	0.0	24000.0	0.958_2_ELDON2_20250422_185600_243.0s_246.0s.wav	1
200	Spectrogram 1	1	597.000000000	600.000000000	0.0	24000.0	0.958_2_ELDON2_20250422_185600_243.0s_246.0s.wav	1
201	Waveform 1	1	600.000000000	603.000000000	0.0	24000.0	0.962_10_ELDON3_20250417_185100_3111.0s_3114.0s.wav	1
201	Spectrogram 1	1	600.000000000	603.000000000	0.0	24000.0	0.962_10_ELDON3_20250417_185100_3111.0s_3114.0s.wav	1
202	Waveform 1	1	603.000000000	606.000000000	0.0	24000.0	0.968_10_ELDON1_20250425_062302_1470.0s_1473.0s.wav	1
202	Spectrogram 1	1	603.000000000	606.000000000	0.0	24000.0	0.968_10_ELDON1_20250425_062302_1470.0s_1473.0s.wav	1
203	Waveform 1	1	606.000000000	609.000000000	0.0	24000.0	0.971_1_ELDON2_20250421_052800_2415.0s_2418.0s.wav	1
203	Spectrogram 1	1	606.000000000	609.000000000	0.0	24000.0	0.971_1_ELDON2_20250421_052800_2415.0s_2418.0s.wav	1
204	Waveform 1	1	609.000000000	612.000000000	0.0	24000.0	0.971_25_ELDON3_20250423_062502_2133.0s_2136.0s.wav	1
204	Spectrogram 1	1	609.000000000	612.000000000	0.0	24000.0	0.971_25_ELDON3_20250423_062502_2133.0s_2136.0s.wav	1
205	Waveform 1	1	612.000000000	615.000000000	0.0	24000.0	0.985_23_ELDON2_20250419_053100_2520.0s_2523.0s.wav	1
205	Spectrogram 1	1	612.000000000	615.000000000	0.0	24000.0	0.985_23_ELDON2_20250419_053100_2520.0s_2523.0s.wav	1
206	Waveform 1	1	615.000000000	618.000000000	0.0	24000.0	0.988_2_ELDON1_20250430_051600_3255.0s_3258.0s.wav	1
206	Spectrogram 1	1	615.000000000	618.000000000	0.0	24000.0	0.988_2_ELDON1_20250430_051600_3255.0s_3258.0s.wav	1
207	Waveform 1	1	618.000000000	621.000000000	0.0	24000.0	0.990_1_ELDON2_20250430_061602_2466.0s_2469.0s.wav	1
207	Spectrogram 1	1	618.000000000	621.000000000	0.0	24000.0	0.990_1_ELDON2_20250430_061602_2466.0s_2469.0s.wav	1
208	Waveform 1	1	621.000000000	624.000000000	0.0	24000.0	0.994_19_ELDON1_20250423_062502_2532.0s_2535.0s.wav	1
208	Spectrogram 1	1	621.000000000	624.000000000	0.0	24000.0	0.994_19_ELDON1_20250423_062502_2532.0s_2535.0s.wav	1
209	Waveform 1	1	624.000000000	627.000000000	0.0	24000.0	0.996_2_ELDON2_20250430_190400_1374.0s_1377.0s.wav	1
209	Spectrogram 1	1	624.000000000	627.000000000	0.0	24000.0	0.996_2_ELDON2_20250430_190400_1374.0s_1377.0s.wav	1
210	Waveform 1	1	627.000000000	630.000000000	0.0	24000.0	0.998_20_ELDON3_20250425_062302_1233.0s_1236.0s.wav	1
210	Spectrogram 1	1	627.000000000	630.000000000	0.0	24000.0	0.998_20_ELDON3_20250425_062302_1233.0s_1236.0s.wav	1
211	Waveform 1	1	630.000000000	633.000000000	0.0	24000.0	0.999_20_ELDON1_20250423_062502_2433.0s_2436.0s.wav	1
211	Spectrogram 1	1	630.000000000	633.000000000	0.0	24000.0	0.999_20_ELDON1_20250423_062502_2433.0s_2436.0s.wav	1
