Selection	View	Channel	Begin Time (s)	End Time (s)	Low Freq (Hz)	High Freq (Hz)	Begin File	Valid
1	Waveform 1	1	0.000000000	3.000000000	0.000	22050.000	0.101_10_ELDON7_20250427_190100_2274.00s_2277.00s.wav	0
1	Spectrogram 1	1	0.000000000	3.000000000	0.000	22050.000	0.101_10_ELDON7_20250427_190100_2274.00s_2277.00s.wav	0
2	Waveform 1	1	3.000000000	6.000000000	0.000	22050.000	0.101_1_ELDON10_20250625_204102_1056.00s_1059.00s.wav	0
2	Spectrogram 1	1	3.000000000	6.000000000	0.000	22050.000	0.101_1_ELDON10_20250625_204102_1056.00s_1059.00s.wav	0
3	Waveform 1	1	6.000000000	9.000000000	0.000	22050.000	0.102_12_ELDON7_20250621_194000_1863.00s_1866.00s.wav	0
3	Spectrogram 1	1	6.000000000	9.000000000	0.000	22050.000	0.102_12_ELDON7_20250621_194000_1863.00s_1866.00s.wav	0
4	Waveform 1	1	9.000000000	12.000000000	0.000	22050.000	0.102_1_ELDON4_20250420_052900_744.00s_747.00s.wav	0
4	Spectrogram 1	1	9.000000000	12.000000000	0.000	22050.000	0.102_1_ELDON4_20250420_052900_744.00s_747.00s.wav	0
5	Waveform 1	1	12.000000000	15.000000000	0.000	22050.000	0.102_2_ELDON2_20250630_194100_2844.00s_2847.00s.wav	0
5	Spectrogram 1	1	12.000000000	15.000000000	0.000	22050.000	0.102_2_ELDON2_20250630_194100_2844.00s_2847.00s.wav	0
6	Waveform 1	1	15.000000000	18.000000000	0.000	22050.000	0.102_3_ELDON2_20250503_051300_2226.00s_2229.00s.wav	0
6	Spectrogram 1	1	15.000000000	18.000000000	0.000	22050.000	0.102_3_ELDON2_20250503_051300_2226.00s_2229.00s.wav	0
7	Waveform 1	1	18.000000000	21.000000000	0.000	22050.000	0.102_4_ELDON1_20250429_200302_2649.00s_2652.00s.wav	0
7	Spectrogram 1	1	18.000000000	21.000000000	0.000	22050.000	0.102_4_ELDON1_20250429_200302_2649.00s_2652.00s.wav	0
8	Waveform 1	1	21.000000000	24.000000000	0.000	22050.000	0.103_1_ELDON1_20250503_190700_2322.00s_2325.00s.wav	0
8	Spectrogram 1	1	21.000000000	24.000000000	0.000	22050.000	0.103_1_ELDON1_20250503_190700_2322.00s_2325.00s.wav	0
9	Waveform 1	1	24.000000000	27.000000000	0.000	22050.000	0.103_2_ELDON10_20250627_204102_1185.00s_1188.00s.wav	0
9	Spectrogram 1	1	24.000000000	27.000000000	0.000	22050.000	0.103_2_ELDON10_20250627_204102_1185.00s_1188.00s.wav	0
10	Waveform 1	1	27.000000000	30.000000000	0.000	22050.000	0.103_6_ELDON1_20250419_185300_2934.00s_2937.00s.wav	0
10	Spectrogram 1	1	27.000000000	30.000000000	0.000	22050.000	0.103_6_ELDON1_20250419_185300_2934.00s_2937.00s.wav	0
11	Waveform 1	1	30.000000000	33.000000000	0.000	22050.000	0.104_2_ELDON1_20250424_185800_1218.00s_1221.00s.wav	0
11	Spectrogram 1	1	30.000000000	33.000000000	0.000	22050.000	0.104_2_ELDON1_20250424_185800_1218.00s_1221.00s.wav	0
12	Waveform 1	1	33.000000000	36.000000000	0.000	22050.000	0.104_4_ELDON2_20250504_061202_381.00s_384.00s.wav	0
12	Spectrogram 1	1	33.000000000	36.000000000	0.000	22050.000	0.104_4_ELDON2_20250504_061202_381.00s_384.00s.wav	0
13	Waveform 1	1	36.000000000	39.000000000	0.000	22050.000	0.105_1_ELDON6_20250629_045100_1035.00s_1038.00s.wav	0
13	Spectrogram 1	1	36.000000000	39.000000000	0.000	22050.000	0.105_1_ELDON6_20250629_045100_1035.00s_1038.00s.wav	0
14	Waveform 1	1	39.000000000	42.000000000	0.000	22050.000	0.105_1_ELDON9_20250421_185500_63.00s_66.00s.wav	0
14	Spectrogram 1	1	39.000000000	42.000000000	0.000	22050.000	0.105_1_ELDON9_20250421_185500_63.00s_66.00s.wav	0
15	Waveform 1	1	42.000000000	45.000000000	0.000	22050.000	0.105_2_ELDON1_20250429_190300_3099.00s_3102.00s.wav	0
15	Spectrogram 1	1	42.000000000	45.000000000	0.000	22050.000	0.105_2_ELDON1_20250429_190300_3099.00s_3102.00s.wav	0
16	Waveform 1	1	45.000000000	48.000000000	0.000	22050.000	0.105_2_ELDON4_20250424_052400_141.00s_144.00s.wav	0
16	Spectrogram 1	1	45.000000000	48.000000000	0.000	22050.000	0.105_2_ELDON4_20250424_052400_141.00s_144.00s.wav	0
17	Waveform 1	1	48.000000000	51.000000000	0.000	22050.000	0.105_2_ELDON5_20250627_194100_3384.00s_3387.00s.wav	0
17	Spectrogram 1	1	48.000000000	51.000000000	0.000	22050.000	0.105_2_ELDON5_20250627_194100_3384.00s_3387.00s.wav	0
18	Waveform 1	1	51.000000000	54.000000000	0.000	22050.000	0.105_3_ELDON7_20250427_052000_3159.00s_3162.00s.wav	1
18	Spectrogram 1	1	51.000000000	54.000000000	0.000	22050.000	0.105_3_ELDON7_20250427_052000_3159.00s_3162.00s.wav	1
19	Waveform 1	1	54.000000000	57.000000000	0.000	22050.000	0.107_7_ELDON9_20250706_194000_798.00s_801.00s.wav	1
19	Spectrogram 1	1	54.000000000	57.000000000	0.000	22050.000	0.107_7_ELDON9_20250706_194000_798.00s_801.00s.wav	1
20	Waveform 1	1	57.000000000	60.000000000	0.000	22050.000	0.108_5_ELDON3_20250424_185800_2481.00s_2484.00s.wav	1
20	Spectrogram 1	1	57.000000000	60.000000000	0.000	22050.000	0.108_5_ELDON3_20250424_185800_2481.00s_2484.00s.wav	1
21	Waveform 1	1	60.000000000	63.000000000	0.000	22050.000	0.108_7_ELDON2_20250423_185700_489.00s_492.00s.wav	0
21	Spectrogram 1	1	60.000000000	63.000000000	0.000	22050.000	0.108_7_ELDON2_20250423_185700_489.00s_492.00s.wav	0
22	Waveform 1	1	63.000000000	66.000000000	0.000	22050.000	0.109_11_ELDON1_20250419_185300_1464.00s_1467.00s.wav	0
22	Spectrogram 1	1	63.000000000	66.000000000	0.000	22050.000	0.109_11_ELDON1_20250419_185300_1464.00s_1467.00s.wav	0
23	Waveform 1	1	66.000000000	69.000000000	0.000	22050.000	0.109_2_ELDON2_20250622_204102_2244.00s_2247.00s.wav	0
23	Spectrogram 1	1	66.000000000	69.000000000	0.000	22050.000	0.109_2_ELDON2_20250622_204102_2244.00s_2247.00s.wav	0
24	Waveform 1	1	69.000000000	72.000000000	0.000	22050.000	0.109_3_ELDON2_20250419_053100_1437.00s_1440.00s.wav	1
24	Spectrogram 1	1	69.000000000	72.000000000	0.000	22050.000	0.109_3_ELDON2_20250419_053100_1437.00s_1440.00s.wav	1
25	Waveform 1	1	72.000000000	75.000000000	0.000	22050.000	0.109_6_ELDON2_20250423_185700_33.00s_36.00s.wav	0
25	Spectrogram 1	1	72.000000000	75.000000000	0.000	22050.000	0.109_6_ELDON2_20250423_185700_33.00s_36.00s.wav	0
26	Waveform 1	1	75.000000000	78.000000000	0.000	22050.000	0.110_13_ELDON1_20250417_185100_678.00s_681.00s.wav	0
26	Spectrogram 1	1	75.000000000	78.000000000	0.000	22050.000	0.110_13_ELDON1_20250417_185100_678.00s_681.00s.wav	0
27	Waveform 1	1	78.000000000	81.000000000	0.000	22050.000	0.110_2_ELDON4_20250421_062802_519.00s_522.00s.wav	0
27	Spectrogram 1	1	78.000000000	81.000000000	0.000	22050.000	0.110_2_ELDON4_20250421_062802_519.00s_522.00s.wav	0
28	Waveform 1	1	81.000000000	84.000000000	0.000	22050.000	0.110_4_ELDON1_20250429_190300_3420.00s_3423.00s.wav	0
28	Spectrogram 1	1	81.000000000	84.000000000	0.000	22050.000	0.110_4_ELDON1_20250429_190300_3420.00s_3423.00s.wav	0
29	Waveform 1	1	84.000000000	87.000000000	0.000	22050.000	0.111_1_ELDON2_20250427_052000_279.00s_282.00s.wav	0
29	Spectrogram 1	1	84.000000000	87.000000000	0.000	22050.000	0.111_1_ELDON2_20250427_052000_279.00s_282.00s.wav	0
30	Waveform 1	1	87.000000000	90.000000000	0.000	22050.000	0.111_2_ELDON2_20250420_195402_135.00s_138.00s.wav	0
30	Spectrogram 1	1	87.000000000	90.000000000	0.000	22050.000	0.111_2_ELDON2_20250420_195402_135.00s_138.00s.wav	0
31	Waveform 1	1	90.000000000	93.000000000	0.000	22050.000	0.111_3_ELDON1_20250622_194100_1305.00s_1308.00s.wav	1
31	Spectrogram 1	1	90.000000000	93.000000000	0.000	22050.000	0.111_3_ELDON1_20250622_194100_1305.00s_1308.00s.wav	1
32	Waveform 1	1	93.000000000	96.000000000	0.000	22050.000	0.111_4_ELDON3_20250424_185800_450.00s_453.00s.wav	0
32	Spectrogram 1	1	93.000000000	96.000000000	0.000	22050.000	0.111_4_ELDON3_20250424_185800_450.00s_453.00s.wav	0
33	Waveform 1	1	96.000000000	99.000000000	0.000	22050.000	0.112_1_ELDON1_20250425_185900_2019.00s_2022.00s.wav	0
33	Spectrogram 1	1	96.000000000	99.000000000	0.000	22050.000	0.112_1_ELDON1_20250425_185900_2019.00s_2022.00s.wav	0
34	Waveform 1	1	99.000000000	102.000000000	0.000	22050.000	0.112_1_ELDON2_20250420_052900_771.00s_774.00s.wav	0
34	Spectrogram 1	1	99.000000000	102.000000000	0.000	22050.000	0.112_1_ELDON2_20250420_052900_771.00s_774.00s.wav	0
35	Waveform 1	1	102.000000000	105.000000000	0.000	22050.000	0.113_4_ELDON2_20250501_200502_60.00s_63.00s.wav	0
35	Spectrogram 1	1	102.000000000	105.000000000	0.000	22050.000	0.113_4_ELDON2_20250501_200502_60.00s_63.00s.wav	0
36	Waveform 1	1	105.000000000	108.000000000	0.000	22050.000	0.113_8_ELDON1_20250624_054902_3501.00s_3504.00s.wav	0
36	Spectrogram 1	1	105.000000000	108.000000000	0.000	22050.000	0.113_8_ELDON1_20250624_054902_3501.00s_3504.00s.wav	0
37	Waveform 1	1	108.000000000	111.000000000	0.000	22050.000	0.113_8_ELDON7_20250424_062402_3321.00s_3324.00s.wav	0
37	Spectrogram 1	1	108.000000000	111.000000000	0.000	22050.000	0.113_8_ELDON7_20250424_062402_3321.00s_3324.00s.wav	0
38	Waveform 1	1	111.000000000	114.000000000	0.000	22050.000	0.114_6_ELDON7_20250429_190300_843.00s_846.00s.wav	0
38	Spectrogram 1	1	111.000000000	114.000000000	0.000	22050.000	0.114_6_ELDON7_20250429_190300_843.00s_846.00s.wav	0
39	Waveform 1	1	114.000000000	117.000000000	0.000	22050.000	0.114_7_ELDON2_20250419_185300_450.00s_453.00s.wav	1
39	Spectrogram 1	1	114.000000000	117.000000000	0.000	22050.000	0.114_7_ELDON2_20250419_185300_450.00s_453.00s.wav	1
40	Waveform 1	1	117.000000000	120.000000000	0.000	22050.000	0.114_7_ELDON2_20250424_185800_1191.00s_1194.00s.wav	0
40	Spectrogram 1	1	117.000000000	120.000000000	0.000	22050.000	0.114_7_ELDON2_20250424_185800_1191.00s_1194.00s.wav	0
41	Waveform 1	1	120.000000000	123.000000000	0.000	22050.000	0.115_1_ELDON1_20250429_200302_1155.00s_1158.00s.wav	0
41	Spectrogram 1	1	120.000000000	123.000000000	0.000	22050.000	0.115_1_ELDON1_20250429_200302_1155.00s_1158.00s.wav	0
42	Waveform 1	1	123.000000000	126.000000000	0.000	22050.000	0.115_3_ELDON1_20250624_194100_3384.00s_3387.00s.wav	0
42	Spectrogram 1	1	123.000000000	126.000000000	0.000	22050.000	0.115_3_ELDON1_20250624_194100_3384.00s_3387.00s.wav	0
43	Waveform 1	1	126.000000000	129.000000000	0.000	22050.000	0.115_5_ELDON2_20250419_185300_2415.00s_2418.00s.wav	0
43	Spectrogram 1	1	126.000000000	129.000000000	0.000	22050.000	0.115_5_ELDON2_20250419_185300_2415.00s_2418.00s.wav	0
44	Waveform 1	1	129.000000000	132.000000000	0.000	22050.000	0.115_6_ELDON2_20250501_190500_1182.00s_1185.00s.wav	0
44	Spectrogram 1	1	129.000000000	132.000000000	0.000	22050.000	0.115_6_ELDON2_20250501_190500_1182.00s_1185.00s.wav	0
45	Waveform 1	1	132.000000000	135.000000000	0.000	22050.000	0.115_8_ELDON2_20250501_190500_3438.00s_3441.00s.wav	0
45	Spectrogram 1	1	132.000000000	135.000000000	0.000	22050.000	0.115_8_ELDON2_20250501_190500_3438.00s_3441.00s.wav	0
46	Waveform 1	1	135.000000000	138.000000000	0.000	22050.000	0.116_25_ELDON9_20250417_185100_60.00s_63.00s.wav	0
46	Spectrogram 1	1	135.000000000	138.000000000	0.000	22050.000	0.116_25_ELDON9_20250417_185100_60.00s_63.00s.wav	0
47	Waveform 1	1	138.000000000	141.000000000	0.000	22050.000	0.117_1_ELDON1_20250626_204102_912.00s_915.00s.wav	1
47	Spectrogram 1	1	138.000000000	141.000000000	0.000	22050.000	0.117_1_ELDON1_20250626_204102_912.00s_915.00s.wav	1
48	Waveform 1	1	141.000000000	144.000000000	0.000	22050.000	0.117_2_ELDON1_20250427_190100_2790.00s_2793.00s.wav	0
48	Spectrogram 1	1	141.000000000	144.000000000	0.000	22050.000	0.117_2_ELDON1_20250427_190100_2790.00s_2793.00s.wav	0
49	Waveform 1	1	144.000000000	147.000000000	0.000	22050.000	0.117_3_ELDON2_20250421_052800_1098.00s_1101.00s.wav	1
49	Spectrogram 1	1	144.000000000	147.000000000	0.000	22050.000	0.117_3_ELDON2_20250421_052800_1098.00s_1101.00s.wav	1
50	Waveform 1	1	147.000000000	150.000000000	0.000	22050.000	0.117_4_ELDON3_20250422_185600_558.00s_561.00s.wav	0
50	Spectrogram 1	1	147.000000000	150.000000000	0.000	22050.000	0.117_4_ELDON3_20250422_185600_558.00s_561.00s.wav	0
51	Waveform 1	1	150.000000000	153.000000000	0.000	22050.000	0.118_12_ELDON5_20250419_185300_2073.00s_2076.00s.wav	1
51	Spectrogram 1	1	150.000000000	153.000000000	0.000	22050.000	0.118_12_ELDON5_20250419_185300_2073.00s_2076.00s.wav	1
52	Waveform 1	1	153.000000000	156.000000000	0.000	22050.000	0.119_2_ELDON1_20250425_185900_2157.00s_2160.00s.wav	0
52	Spectrogram 1	1	153.000000000	156.000000000	0.000	22050.000	0.119_2_ELDON1_20250425_185900_2157.00s_2160.00s.wav	0
53	Waveform 1	1	156.000000000	159.000000000	0.000	22050.000	0.120_2_ELDON2_20250422_185600_828.00s_831.00s.wav	0
53	Spectrogram 1	1	156.000000000	159.000000000	0.000	22050.000	0.120_2_ELDON2_20250422_185600_828.00s_831.00s.wav	0
54	Waveform 1	1	159.000000000	162.000000000	0.000	22050.000	0.120_2_ELDON2_20250427_052000_924.00s_927.00s.wav	0
54	Spectrogram 1	1	159.000000000	162.000000000	0.000	22050.000	0.120_2_ELDON2_20250427_052000_924.00s_927.00s.wav	0
55	Waveform 1	1	162.000000000	165.000000000	0.000	22050.000	0.120_2_ELDON7_20250424_185800_528.00s_531.00s.wav	0
55	Spectrogram 1	1	162.000000000	165.000000000	0.000	22050.000	0.120_2_ELDON7_20250424_185800_528.00s_531.00s.wav	0
56	Waveform 1	1	165.000000000	168.000000000	0.000	22050.000	0.120_3_ELDON1_20250424_185800_1878.00s_1881.00s.wav	0
56	Spectrogram 1	1	165.000000000	168.000000000	0.000	22050.000	0.120_3_ELDON1_20250424_185800_1878.00s_1881.00s.wav	0
57	Waveform 1	1	168.000000000	171.000000000	0.000	22050.000	0.120_3_ELDON2_20250504_061202_228.00s_231.00s.wav	0
57	Spectrogram 1	1	168.000000000	171.000000000	0.000	22050.000	0.120_3_ELDON2_20250504_061202_228.00s_231.00s.wav	0
58	Waveform 1	1	171.000000000	174.000000000	0.000	22050.000	0.120_4_ELDON7_20250422_185600_1680.00s_1683.00s.wav	0
58	Spectrogram 1	1	171.000000000	174.000000000	0.000	22050.000	0.120_4_ELDON7_20250422_185600_1680.00s_1683.00s.wav	0
59	Waveform 1	1	174.000000000	177.000000000	0.000	22050.000	0.120_5_ELDON7_20250422_185600_1263.00s_1266.00s.wav	0
59	Spectrogram 1	1	174.000000000	177.000000000	0.000	22050.000	0.120_5_ELDON7_20250422_185600_1263.00s_1266.00s.wav	0
60	Waveform 1	1	177.000000000	180.000000000	0.000	22050.000	0.121_7_ELDON1_20250419_185300_867.00s_870.00s.wav	0
60	Spectrogram 1	1	177.000000000	180.000000000	0.000	22050.000	0.121_7_ELDON1_20250419_185300_867.00s_870.00s.wav	0
61	Waveform 1	1	180.000000000	183.000000000	0.000	22050.000	0.123_7_ELDON7_20250429_190300_1530.00s_1533.00s.wav	0
61	Spectrogram 1	1	180.000000000	183.000000000	0.000	22050.000	0.123_7_ELDON7_20250429_190300_1530.00s_1533.00s.wav	0
62	Waveform 1	1	183.000000000	186.000000000	0.000	22050.000	0.124_3_ELDON8_20250619_194000_18.00s_21.00s.wav	1
62	Spectrogram 1	1	183.000000000	186.000000000	0.000	22050.000	0.124_3_ELDON8_20250619_194000_18.00s_21.00s.wav	1
63	Waveform 1	1	186.000000000	189.000000000	0.000	22050.000	0.124_4_ELDON4_20250417_185100_237.00s_240.00s.wav	0
63	Spectrogram 1	1	186.000000000	189.000000000	0.000	22050.000	0.124_4_ELDON4_20250417_185100_237.00s_240.00s.wav	0
64	Waveform 1	1	189.000000000	192.000000000	0.000	22050.000	0.124_6_ELDON3_20250424_185800_1173.00s_1176.00s.wav	0
64	Spectrogram 1	1	189.000000000	192.000000000	0.000	22050.000	0.124_6_ELDON3_20250424_185800_1173.00s_1176.00s.wav	0
65	Waveform 1	1	192.000000000	195.000000000	0.000	22050.000	0.124_9_ELDON2_20250501_190500_696.00s_699.00s.wav	0
65	Spectrogram 1	1	192.000000000	195.000000000	0.000	22050.000	0.124_9_ELDON2_20250501_190500_696.00s_699.00s.wav	0
66	Waveform 1	1	195.000000000	198.000000000	0.000	22050.000	0.125_4_ELDON2_20250420_185400_1746.00s_1749.00s.wav	0
66	Spectrogram 1	1	195.000000000	198.000000000	0.000	22050.000	0.125_4_ELDON2_20250420_185400_1746.00s_1749.00s.wav	0
67	Waveform 1	1	198.000000000	201.000000000	0.000	22050.000	0.126_1_ELDON4_20250429_200302_2571.00s_2574.00s.wav	0
67	Spectrogram 1	1	198.000000000	201.000000000	0.000	22050.000	0.126_1_ELDON4_20250429_200302_2571.00s_2574.00s.wav	0
68	Waveform 1	1	201.000000000	204.000000000	0.000	22050.000	0.126_7_ELDON5_20250705_194000_2025.00s_2028.00s.wav	1
68	Spectrogram 1	1	201.000000000	204.000000000	0.000	22050.000	0.126_7_ELDON5_20250705_194000_2025.00s_2028.00s.wav	1
69	Waveform 1	1	204.000000000	207.000000000	0.000	22050.000	0.127_1_ELDON2_20250421_052800_2439.00s_2442.00s.wav	0
69	Spectrogram 1	1	204.000000000	207.000000000	0.000	22050.000	0.127_1_ELDON2_20250421_052800_2439.00s_2442.00s.wav	0
70	Waveform 1	1	207.000000000	210.000000000	0.000	22050.000	0.129_11_ELDON2_20250501_190500_873.00s_876.00s.wav	0
70	Spectrogram 1	1	207.000000000	210.000000000	0.000	22050.000	0.129_11_ELDON2_20250501_190500_873.00s_876.00s.wav	0
71	Waveform 1	1	210.000000000	213.000000000	0.000	22050.000	0.129_3_ELDON1_20250504_051200_111.00s_114.00s.wav	0
71	Spectrogram 1	1	210.000000000	213.000000000	0.000	22050.000	0.129_3_ELDON1_20250504_051200_111.00s_114.00s.wav	0
72	Waveform 1	1	213.000000000	216.000000000	0.000	22050.000	0.130_3_ELDON1_20250430_051600_1896.00s_1899.00s.wav	0
72	Spectrogram 1	1	213.000000000	216.000000000	0.000	22050.000	0.130_3_ELDON1_20250430_051600_1896.00s_1899.00s.wav	0
73	Waveform 1	1	216.000000000	219.000000000	0.000	22050.000	0.130_3_ELDON1_20250501_200502_1755.00s_1758.00s.wav	0
73	Spectrogram 1	1	216.000000000	219.000000000	0.000	22050.000	0.130_3_ELDON1_20250501_200502_1755.00s_1758.00s.wav	0
74	Waveform 1	1	219.000000000	222.000000000	0.000	22050.000	0.130_7_ELDON1_20250429_200302_2355.00s_2358.00s.wav	0
74	Spectrogram 1	1	219.000000000	222.000000000	0.000	22050.000	0.130_7_ELDON1_20250429_200302_2355.00s_2358.00s.wav	0
75	Waveform 1	1	222.000000000	225.000000000	0.000	22050.000	0.131_3_ELDON1_20250429_200302_2652.00s_2655.00s.wav	0
75	Spectrogram 1	1	222.000000000	225.000000000	0.000	22050.000	0.131_3_ELDON1_20250429_200302_2652.00s_2655.00s.wav	0
76	Waveform 1	1	225.000000000	228.000000000	0.000	22050.000	0.131_4_ELDON7_20250702_055302_2514.00s_2517.00s.wav	0
76	Spectrogram 1	1	225.000000000	228.000000000	0.000	22050.000	0.131_4_ELDON7_20250702_055302_2514.00s_2517.00s.wav	0
77	Waveform 1	1	228.000000000	231.000000000	0.000	22050.000	0.131_9_ELDON1_20250419_185300_936.00s_939.00s.wav	0
77	Spectrogram 1	1	228.000000000	231.000000000	0.000	22050.000	0.131_9_ELDON1_20250419_185300_936.00s_939.00s.wav	0
78	Waveform 1	1	231.000000000	234.000000000	0.000	22050.000	0.132_2_ELDON4_20250428_190200_783.00s_786.00s.wav	0
78	Spectrogram 1	1	231.000000000	234.000000000	0.000	22050.000	0.132_2_ELDON4_20250428_190200_783.00s_786.00s.wav	0
79	Waveform 1	1	234.000000000	237.000000000	0.000	22050.000	0.132_4_ELDON3_20250425_185900_3300.00s_3303.00s.wav	1
79	Spectrogram 1	1	234.000000000	237.000000000	0.000	22050.000	0.132_4_ELDON3_20250425_185900_3300.00s_3303.00s.wav	1
80	Waveform 1	1	237.000000000	240.000000000	0.000	22050.000	0.132_6_ELDON4_20250628_194100_474.00s_477.00s.wav	0
80	Spectrogram 1	1	237.000000000	240.000000000	0.000	22050.000	0.132_6_ELDON4_20250628_194100_474.00s_477.00s.wav	0
81	Waveform 1	1	240.000000000	243.000000000	0.000	22050.000	0.133_13_ELDON5_20250419_185300_2172.00s_2175.00s.wav	1
81	Spectrogram 1	1	240.000000000	243.000000000	0.000	22050.000	0.133_13_ELDON5_20250419_185300_2172.00s_2175.00s.wav	1
82	Waveform 1	1	243.000000000	246.000000000	0.000	22050.000	0.133_1_ELDON4_20250628_204102_459.00s_462.00s.wav	1
82	Spectrogram 1	1	243.000000000	246.000000000	0.000	22050.000	0.133_1_ELDON4_20250628_204102_459.00s_462.00s.wav	1
83	Waveform 1	1	246.000000000	249.000000000	0.000	22050.000	0.133_2_ELDON5_20250628_194100_3156.00s_3159.00s.wav	0
83	Spectrogram 1	1	246.000000000	249.000000000	0.000	22050.000	0.133_2_ELDON5_20250628_194100_3156.00s_3159.00s.wav	0
84	Waveform 1	1	249.000000000	252.000000000	0.000	22050.000	0.134_4_ELDON6_20250419_053100_1431.00s_1434.00s.wav	0
84	Spectrogram 1	1	249.000000000	252.000000000	0.000	22050.000	0.134_4_ELDON6_20250419_053100_1431.00s_1434.00s.wav	0
85	Waveform 1	1	252.000000000	255.000000000	0.000	22050.000	0.134_5_ELDON3_20250422_185600_1197.00s_1200.00s.wav	1
85	Spectrogram 1	1	252.000000000	255.000000000	0.000	22050.000	0.134_5_ELDON3_20250422_185600_1197.00s_1200.00s.wav	1
86	Waveform 1	1	255.000000000	258.000000000	0.000	22050.000	0.135_5_ELDON4_20250417_185100_222.00s_225.00s.wav	0
86	Spectrogram 1	1	255.000000000	258.000000000	0.000	22050.000	0.135_5_ELDON4_20250417_185100_222.00s_225.00s.wav	0
87	Waveform 1	1	258.000000000	261.000000000	0.000	22050.000	0.137_4_ELDON4_20250708_193900_735.00s_738.00s.wav	1
87	Spectrogram 1	1	258.000000000	261.000000000	0.000	22050.000	0.137_4_ELDON4_20250708_193900_735.00s_738.00s.wav	1
88	Waveform 1	1	261.000000000	264.000000000	0.000	22050.000	0.137_6_ELDON2_20250424_185800_1434.00s_1437.00s.wav	0
88	Spectrogram 1	1	261.000000000	264.000000000	0.000	22050.000	0.137_6_ELDON2_20250424_185800_1434.00s_1437.00s.wav	0
89	Waveform 1	1	264.000000000	267.000000000	0.000	22050.000	0.138_2_ELDON3_20250422_195602_99.00s_102.00s.wav	0
89	Spectrogram 1	1	264.000000000	267.000000000	0.000	22050.000	0.138_2_ELDON3_20250422_195602_99.00s_102.00s.wav	0
90	Waveform 1	1	267.000000000	270.000000000	0.000	22050.000	0.139_10_ELDON2_20250501_190500_3333.00s_3336.00s.wav	0
90	Spectrogram 1	1	267.000000000	270.000000000	0.000	22050.000	0.139_10_ELDON2_20250501_190500_3333.00s_3336.00s.wav	0
91	Waveform 1	1	270.000000000	273.000000000	0.000	22050.000	0.139_1_ELDON7_20250702_055302_2538.00s_2541.00s.wav	0
91	Spectrogram 1	1	270.000000000	273.000000000	0.000	22050.000	0.139_1_ELDON7_20250702_055302_2538.00s_2541.00s.wav	0
92	Waveform 1	1	273.000000000	276.000000000	0.000	22050.000	0.139_2_ELDON7_20250702_055302_2094.00s_2097.00s.wav	0
92	Spectrogram 1	1	273.000000000	276.000000000	0.000	22050.000	0.139_2_ELDON7_20250702_055302_2094.00s_2097.00s.wav	0
93	Waveform 1	1	276.000000000	279.000000000	0.000	22050.000	0.139_3_ELDON1_20250429_190300_3231.00s_3234.00s.wav	0
93	Spectrogram 1	1	276.000000000	279.000000000	0.000	22050.000	0.139_3_ELDON1_20250429_190300_3231.00s_3234.00s.wav	0
94	Waveform 1	1	279.000000000	282.000000000	0.000	22050.000	0.140_12_ELDON2_20250505_190900_1455.00s_1458.00s.wav	0
94	Spectrogram 1	1	279.000000000	282.000000000	0.000	22050.000	0.140_12_ELDON2_20250505_190900_1455.00s_1458.00s.wav	0
95	Waveform 1	1	282.000000000	285.000000000	0.000	22050.000	0.140_3_ELDON7_20250427_062002_642.00s_645.00s.wav	0
95	Spectrogram 1	1	282.000000000	285.000000000	0.000	22050.000	0.140_3_ELDON7_20250427_062002_642.00s_645.00s.wav	0
96	Waveform 1	1	285.000000000	288.000000000	0.000	22050.000	0.140_7_ELDON10_20250625_194100_3204.00s_3207.00s.wav	0
96	Spectrogram 1	1	285.000000000	288.000000000	0.000	22050.000	0.140_7_ELDON10_20250625_194100_3204.00s_3207.00s.wav	0
97	Waveform 1	1	288.000000000	291.000000000	0.000	22050.000	0.141_4_ELDON7_20250427_052000_3243.00s_3246.00s.wav	0
97	Spectrogram 1	1	288.000000000	291.000000000	0.000	22050.000	0.141_4_ELDON7_20250427_052000_3243.00s_3246.00s.wav	0
98	Waveform 1	1	291.000000000	294.000000000	0.000	22050.000	0.141_7_ELDON4_20250428_051900_288.00s_291.00s.wav	0
98	Spectrogram 1	1	291.000000000	294.000000000	0.000	22050.000	0.141_7_ELDON4_20250428_051900_288.00s_291.00s.wav	0
99	Waveform 1	1	294.000000000	297.000000000	0.000	22050.000	0.141_9_ELDON10_20250705_194000_2655.00s_2658.00s.wav	0
99	Spectrogram 1	1	294.000000000	297.000000000	0.000	22050.000	0.141_9_ELDON10_20250705_194000_2655.00s_2658.00s.wav	0
100	Waveform 1	1	297.000000000	300.000000000	0.000	22050.000	0.142_12_ELDON1_20250417_185100_2553.00s_2556.00s.wav	1
100	Spectrogram 1	1	297.000000000	300.000000000	0.000	22050.000	0.142_12_ELDON1_20250417_185100_2553.00s_2556.00s.wav	1
101	Waveform 1	1	300.000000000	303.000000000	0.000	22050.000	0.142_3_ELDON2_20250420_185400_1206.00s_1209.00s.wav	1
101	Spectrogram 1	1	300.000000000	303.000000000	0.000	22050.000	0.142_3_ELDON2_20250420_185400_1206.00s_1209.00s.wav	1
102	Waveform 1	1	303.000000000	306.000000000	0.000	22050.000	0.142_3_ELDON2_20250504_051200_2820.00s_2823.00s.wav	0
102	Spectrogram 1	1	303.000000000	306.000000000	0.000	22050.000	0.142_3_ELDON2_20250504_051200_2820.00s_2823.00s.wav	0
103	Waveform 1	1	306.000000000	309.000000000	0.000	22050.000	0.143_4_ELDON2_20250502_200602_1722.00s_1725.00s.wav	0
103	Spectrogram 1	1	306.000000000	309.000000000	0.000	22050.000	0.143_4_ELDON2_20250502_200602_1722.00s_1725.00s.wav	0
104	Waveform 1	1	309.000000000	312.000000000	0.000	22050.000	0.144_11_ELDON5_20250419_185300_687.00s_690.00s.wav	0
104	Spectrogram 1	1	309.000000000	312.000000000	0.000	22050.000	0.144_11_ELDON5_20250419_185300_687.00s_690.00s.wav	0
105	Waveform 1	1	312.000000000	315.000000000	0.000	22050.000	0.144_3_ELDON2_20250421_185500_51.00s_54.00s.wav	0
105	Spectrogram 1	1	312.000000000	315.000000000	0.000	22050.000	0.144_3_ELDON2_20250421_185500_51.00s_54.00s.wav	0
106	Waveform 1	1	315.000000000	318.000000000	0.000	22050.000	0.144_5_ELDON2_20250425_195902_2244.00s_2247.00s.wav	1
106	Spectrogram 1	1	315.000000000	318.000000000	0.000	22050.000	0.144_5_ELDON2_20250425_195902_2244.00s_2247.00s.wav	1
107	Waveform 1	1	318.000000000	321.000000000	0.000	22050.000	0.146_1_ELDON5_20250712_203802_1074.00s_1077.00s.wav	0
107	Spectrogram 1	1	318.000000000	321.000000000	0.000	22050.000	0.146_1_ELDON5_20250712_203802_1074.00s_1077.00s.wav	0
108	Waveform 1	1	321.000000000	324.000000000	0.000	22050.000	0.146_4_ELDON7_20250427_062002_387.00s_390.00s.wav	1
108	Spectrogram 1	1	321.000000000	324.000000000	0.000	22050.000	0.146_4_ELDON7_20250427_062002_387.00s_390.00s.wav	1
109	Waveform 1	1	324.000000000	327.000000000	0.000	22050.000	0.146_5_ELDON2_20250502_200602_1875.00s_1878.00s.wav	0
109	Spectrogram 1	1	324.000000000	327.000000000	0.000	22050.000	0.146_5_ELDON2_20250502_200602_1875.00s_1878.00s.wav	0
110	Waveform 1	1	327.000000000	330.000000000	0.000	22050.000	0.147_3_ELDON2_20250427_052000_687.00s_690.00s.wav	0
110	Spectrogram 1	1	327.000000000	330.000000000	0.000	22050.000	0.147_3_ELDON2_20250427_052000_687.00s_690.00s.wav	0
111	Waveform 1	1	330.000000000	333.000000000	0.000	22050.000	0.147_3_ELDON2_20250501_200502_87.00s_90.00s.wav	0
111	Spectrogram 1	1	330.000000000	333.000000000	0.000	22050.000	0.147_3_ELDON2_20250501_200502_87.00s_90.00s.wav	0
112	Waveform 1	1	333.000000000	336.000000000	0.000	22050.000	0.148_1_ELDON2_20250419_053100_1149.00s_1152.00s.wav	0
112	Spectrogram 1	1	333.000000000	336.000000000	0.000	22050.000	0.148_1_ELDON2_20250419_053100_1149.00s_1152.00s.wav	0
113	Waveform 1	1	336.000000000	339.000000000	0.000	22050.000	0.148_7_ELDON3_20250425_185900_3315.00s_3318.00s.wav	1
113	Spectrogram 1	1	336.000000000	339.000000000	0.000	22050.000	0.148_7_ELDON3_20250425_185900_3315.00s_3318.00s.wav	1
114	Waveform 1	1	339.000000000	342.000000000	0.000	22050.000	0.149_1_ELDON1_20250422_185600_1200.00s_1203.00s.wav	0
114	Spectrogram 1	1	339.000000000	342.000000000	0.000	22050.000	0.149_1_ELDON1_20250422_185600_1200.00s_1203.00s.wav	0
115	Waveform 1	1	342.000000000	345.000000000	0.000	22050.000	0.151_10_ELDON5_20250419_185300_738.00s_741.00s.wav	0
115	Spectrogram 1	1	342.000000000	345.000000000	0.000	22050.000	0.151_10_ELDON5_20250419_185300_738.00s_741.00s.wav	0
116	Waveform 1	1	345.000000000	348.000000000	0.000	22050.000	0.153_2_ELDON4_20250429_200302_2406.00s_2409.00s.wav	0
116	Spectrogram 1	1	345.000000000	348.000000000	0.000	22050.000	0.153_2_ELDON4_20250429_200302_2406.00s_2409.00s.wav	0
117	Waveform 1	1	348.000000000	351.000000000	0.000	22050.000	0.155_4_ELDON3_20250423_185700_1842.00s_1845.00s.wav	0
117	Spectrogram 1	1	348.000000000	351.000000000	0.000	22050.000	0.155_4_ELDON3_20250423_185700_1842.00s_1845.00s.wav	0
118	Waveform 1	1	351.000000000	354.000000000	0.000	22050.000	0.156_6_ELDON4_20250423_185700_201.00s_204.00s.wav	0
118	Spectrogram 1	1	351.000000000	354.000000000	0.000	22050.000	0.156_6_ELDON4_20250423_185700_201.00s_204.00s.wav	0
119	Waveform 1	1	354.000000000	357.000000000	0.000	22050.000	0.157_3_ELDON4_20250426_052100_1137.00s_1140.00s.wav	0
119	Spectrogram 1	1	354.000000000	357.000000000	0.000	22050.000	0.157_3_ELDON4_20250426_052100_1137.00s_1140.00s.wav	0
120	Waveform 1	1	357.000000000	360.000000000	0.000	22050.000	0.157_4_ELDON1_20250425_185900_2328.00s_2331.00s.wav	1
120	Spectrogram 1	1	357.000000000	360.000000000	0.000	22050.000	0.157_4_ELDON1_20250425_185900_2328.00s_2331.00s.wav	1
121	Waveform 1	1	360.000000000	363.000000000	0.000	22050.000	0.159_6_ELDON2_20250420_185400_1758.00s_1761.00s.wav	0
121	Spectrogram 1	1	360.000000000	363.000000000	0.000	22050.000	0.159_6_ELDON2_20250420_185400_1758.00s_1761.00s.wav	0
122	Waveform 1	1	363.000000000	366.000000000	0.000	22050.000	0.160_3_ELDON1_20250419_195302_915.00s_918.00s.wav	0
122	Spectrogram 1	1	363.000000000	366.000000000	0.000	22050.000	0.160_3_ELDON1_20250419_195302_915.00s_918.00s.wav	0
123	Waveform 1	1	366.000000000	369.000000000	0.000	22050.000	0.163_4_ELDON1_20250419_053100_882.00s_885.00s.wav	0
123	Spectrogram 1	1	366.000000000	369.000000000	0.000	22050.000	0.163_4_ELDON1_20250419_053100_882.00s_885.00s.wav	0
124	Waveform 1	1	369.000000000	372.000000000	0.000	22050.000	0.163_5_ELDON2_20250501_200502_117.00s_120.00s.wav	0
124	Spectrogram 1	1	369.000000000	372.000000000	0.000	22050.000	0.163_5_ELDON2_20250501_200502_117.00s_120.00s.wav	0
125	Waveform 1	1	372.000000000	375.000000000	0.000	22050.000	0.164_2_ELDON6_20250702_055302_3384.00s_3387.00s.wav	1
125	Spectrogram 1	1	372.000000000	375.000000000	0.000	22050.000	0.164_2_ELDON6_20250702_055302_3384.00s_3387.00s.wav	1
126	Waveform 1	1	375.000000000	378.000000000	0.000	22050.000	0.165_6_ELDON3_20250704_204102_816.00s_819.00s.wav	0
126	Spectrogram 1	1	375.000000000	378.000000000	0.000	22050.000	0.165_6_ELDON3_20250704_204102_816.00s_819.00s.wav	0
127	Waveform 1	1	378.000000000	381.000000000	0.000	22050.000	0.167_22_ELDON9_20250417_185100_1329.00s_1332.00s.wav	1
127	Spectrogram 1	1	378.000000000	381.000000000	0.000	22050.000	0.167_22_ELDON9_20250417_185100_1329.00s_1332.00s.wav	1
128	Waveform 1	1	381.000000000	384.000000000	0.000	22050.000	0.170_1_ELDON1_20250426_190000_3375.00s_3378.00s.wav	1
128	Spectrogram 1	1	381.000000000	384.000000000	0.000	22050.000	0.170_1_ELDON1_20250426_190000_3375.00s_3378.00s.wav	1
129	Waveform 1	1	384.000000000	387.000000000	0.000	22050.000	0.171_2_ELDON7_20250427_052000_3141.00s_3144.00s.wav	0
129	Spectrogram 1	1	384.000000000	387.000000000	0.000	22050.000	0.171_2_ELDON7_20250427_052000_3141.00s_3144.00s.wav	0
130	Waveform 1	1	387.000000000	390.000000000	0.000	22050.000	0.171_3_ELDON7_20250702_055302_2580.00s_2583.00s.wav	0
130	Spectrogram 1	1	387.000000000	390.000000000	0.000	22050.000	0.171_3_ELDON7_20250702_055302_2580.00s_2583.00s.wav	0
131	Waveform 1	1	390.000000000	393.000000000	0.000	22050.000	0.172_2_ELDON2_20250421_185500_1170.00s_1173.00s.wav	0
131	Spectrogram 1	1	390.000000000	393.000000000	0.000	22050.000	0.172_2_ELDON2_20250421_185500_1170.00s_1173.00s.wav	0
132	Waveform 1	1	393.000000000	396.000000000	0.000	22050.000	0.173_1_ELDON6_20250418_195202_735.00s_738.00s.wav	0
132	Spectrogram 1	1	393.000000000	396.000000000	0.000	22050.000	0.173_1_ELDON6_20250418_195202_735.00s_738.00s.wav	0
133	Waveform 1	1	396.000000000	399.000000000	0.000	22050.000	0.174_5_ELDON2_20250423_185700_201.00s_204.00s.wav	0
133	Spectrogram 1	1	396.000000000	399.000000000	0.000	22050.000	0.174_5_ELDON2_20250423_185700_201.00s_204.00s.wav	0
134	Waveform 1	1	399.000000000	402.000000000	0.000	22050.000	0.175_2_ELDON4_20250427_052000_1203.00s_1206.00s.wav	0
134	Spectrogram 1	1	399.000000000	402.000000000	0.000	22050.000	0.175_2_ELDON4_20250427_052000_1203.00s_1206.00s.wav	0
135	Waveform 1	1	402.000000000	405.000000000	0.000	22050.000	0.175_5_ELDON2_20250501_190500_3318.00s_3321.00s.wav	0
135	Spectrogram 1	1	402.000000000	405.000000000	0.000	22050.000	0.175_5_ELDON2_20250501_190500_3318.00s_3321.00s.wav	0
136	Waveform 1	1	405.000000000	408.000000000	0.000	22050.000	0.175_5_ELDON4_20250429_190300_3111.00s_3114.00s.wav	0
136	Spectrogram 1	1	405.000000000	408.000000000	0.000	22050.000	0.175_5_ELDON4_20250429_190300_3111.00s_3114.00s.wav	0
137	Waveform 1	1	408.000000000	411.000000000	0.000	22050.000	0.176_1_ELDON2_20250630_204102_747.00s_750.00s.wav	1
137	Spectrogram 1	1	408.000000000	411.000000000	0.000	22050.000	0.176_1_ELDON2_20250630_204102_747.00s_750.00s.wav	1
138	Waveform 1	1	411.000000000	414.000000000	0.000	22050.000	0.176_1_ELDON4_20250421_052800_66.00s_69.00s.wav	0
138	Spectrogram 1	1	411.000000000	414.000000000	0.000	22050.000	0.176_1_ELDON4_20250421_052800_66.00s_69.00s.wav	0
139	Waveform 1	1	414.000000000	417.000000000	0.000	22050.000	0.176_4_ELDON2_20250501_190500_3369.00s_3372.00s.wav	1
139	Spectrogram 1	1	414.000000000	417.000000000	0.000	22050.000	0.176_4_ELDON2_20250501_190500_3369.00s_3372.00s.wav	1
140	Waveform 1	1	417.000000000	420.000000000	0.000	22050.000	0.178_21_ELDON9_20250417_185100_2562.00s_2565.00s.wav	0
140	Spectrogram 1	1	417.000000000	420.000000000	0.000	22050.000	0.178_21_ELDON9_20250417_185100_2562.00s_2565.00s.wav	0
141	Waveform 1	1	420.000000000	423.000000000	0.000	22050.000	0.178_2_ELDON2_20250417_185100_2562.00s_2565.00s.wav	0
141	Spectrogram 1	1	420.000000000	423.000000000	0.000	22050.000	0.178_2_ELDON2_20250417_185100_2562.00s_2565.00s.wav	0
142	Waveform 1	1	423.000000000	426.000000000	0.000	22050.000	0.178_4_ELDON10_20250619_194000_216.00s_219.00s.wav	0
142	Spectrogram 1	1	423.000000000	426.000000000	0.000	22050.000	0.178_4_ELDON10_20250619_194000_216.00s_219.00s.wav	0
143	Waveform 1	1	426.000000000	429.000000000	0.000	22050.000	0.181_11_ELDON6_20250419_185300_60.00s_63.00s.wav	0
143	Spectrogram 1	1	426.000000000	429.000000000	0.000	22050.000	0.181_11_ELDON6_20250419_185300_60.00s_63.00s.wav	0
144	Waveform 1	1	429.000000000	432.000000000	0.000	22050.000	0.181_23_ELDON9_20250417_185100_3270.00s_3273.00s.wav	1
144	Spectrogram 1	1	429.000000000	432.000000000	0.000	22050.000	0.181_23_ELDON9_20250417_185100_3270.00s_3273.00s.wav	1
145	Waveform 1	1	432.000000000	435.000000000	0.000	22050.000	0.181_5_ELDON1_20250429_200302_2424.00s_2427.00s.wav	0
145	Spectrogram 1	1	432.000000000	435.000000000	0.000	22050.000	0.181_5_ELDON1_20250429_200302_2424.00s_2427.00s.wav	0
146	Waveform 1	1	435.000000000	438.000000000	0.000	22050.000	0.186_10_ELDON1_20250419_185300_1305.00s_1308.00s.wav	0
146	Spectrogram 1	1	435.000000000	438.000000000	0.000	22050.000	0.186_10_ELDON1_20250419_185300_1305.00s_1308.00s.wav	0
147	Waveform 1	1	438.000000000	441.000000000	0.000	22050.000	0.187_12_ELDON4_20250419_185300_714.00s_717.00s.wav	0
147	Spectrogram 1	1	438.000000000	441.000000000	0.000	22050.000	0.187_12_ELDON4_20250419_185300_714.00s_717.00s.wav	0
148	Waveform 1	1	441.000000000	444.000000000	0.000	22050.000	0.189_6_ELDON1_20250429_200302_1932.00s_1935.00s.wav	0
148	Spectrogram 1	1	441.000000000	444.000000000	0.000	22050.000	0.189_6_ELDON1_20250429_200302_1932.00s_1935.00s.wav	0
149	Waveform 1	1	444.000000000	447.000000000	0.000	22050.000	0.190_8_ELDON2_20250419_185300_723.00s_726.00s.wav	1
149	Spectrogram 1	1	444.000000000	447.000000000	0.000	22050.000	0.190_8_ELDON2_20250419_185300_723.00s_726.00s.wav	1
150	Waveform 1	1	447.000000000	450.000000000	0.000	22050.000	0.191_2_ELDON2_20250419_053100_1146.00s_1149.00s.wav	0
150	Spectrogram 1	1	447.000000000	450.000000000	0.000	22050.000	0.191_2_ELDON2_20250419_053100_1146.00s_1149.00s.wav	0
151	Waveform 1	1	450.000000000	453.000000000	0.000	22050.000	0.192_1_ELDON2_20250630_194100_549.00s_552.00s.wav	1
151	Spectrogram 1	1	450.000000000	453.000000000	0.000	22050.000	0.192_1_ELDON2_20250630_194100_549.00s_552.00s.wav	1
152	Waveform 1	1	453.000000000	456.000000000	0.000	22050.000	0.194_6_ELDON1_20250501_061502_2262.00s_2265.00s.wav	0
152	Spectrogram 1	1	453.000000000	456.000000000	0.000	22050.000	0.194_6_ELDON1_20250501_061502_2262.00s_2265.00s.wav	0
153	Waveform 1	1	456.000000000	459.000000000	0.000	22050.000	0.195_4_ELDON4_20250429_190300_1113.00s_1116.00s.wav	0
153	Spectrogram 1	1	456.000000000	459.000000000	0.000	22050.000	0.195_4_ELDON4_20250429_190300_1113.00s_1116.00s.wav	0
154	Waveform 1	1	459.000000000	462.000000000	0.000	22050.000	0.196_1_ELDON2_20250425_185900_807.00s_810.00s.wav	0
154	Spectrogram 1	1	459.000000000	462.000000000	0.000	22050.000	0.196_1_ELDON2_20250425_185900_807.00s_810.00s.wav	0
155	Waveform 1	1	462.000000000	465.000000000	0.000	22050.000	0.197_11_ELDON1_20250417_185100_2559.00s_2562.00s.wav	0
155	Spectrogram 1	1	462.000000000	465.000000000	0.000	22050.000	0.197_11_ELDON1_20250417_185100_2559.00s_2562.00s.wav	0
156	Waveform 1	1	465.000000000	468.000000000	0.000	22050.000	0.197_4_ELDON4_20250426_052100_957.00s_960.00s.wav	0
156	Spectrogram 1	1	465.000000000	468.000000000	0.000	22050.000	0.197_4_ELDON4_20250426_052100_957.00s_960.00s.wav	0
157	Waveform 1	1	468.000000000	471.000000000	0.000	22050.000	0.201_2_ELDON10_20250618_194000_3036.00s_3039.00s.wav	0
157	Spectrogram 1	1	468.000000000	471.000000000	0.000	22050.000	0.201_2_ELDON10_20250618_194000_3036.00s_3039.00s.wav	0
158	Waveform 1	1	471.000000000	474.000000000	0.000	22050.000	0.206_14_ELDON1_20250417_185100_3267.00s_3270.00s.wav	1
158	Spectrogram 1	1	471.000000000	474.000000000	0.000	22050.000	0.206_14_ELDON1_20250417_185100_3267.00s_3270.00s.wav	1
159	Waveform 1	1	474.000000000	477.000000000	0.000	22050.000	0.206_5_ELDON8_20250702_055302_3486.00s_3489.00s.wav	1
159	Spectrogram 1	1	474.000000000	477.000000000	0.000	22050.000	0.206_5_ELDON8_20250702_055302_3486.00s_3489.00s.wav	1
160	Waveform 1	1	477.000000000	480.000000000	0.000	22050.000	0.207_2_ELDON1_20250626_194100_3561.00s_3564.00s.wav	1
160	Spectrogram 1	1	477.000000000	480.000000000	0.000	22050.000	0.207_2_ELDON1_20250626_194100_3561.00s_3564.00s.wav	1
161	Waveform 1	1	480.000000000	483.000000000	0.000	22050.000	0.209_3_ELDON4_20250417_185100_102.00s_105.00s.wav	0
161	Spectrogram 1	1	480.000000000	483.000000000	0.000	22050.000	0.209_3_ELDON4_20250417_185100_102.00s_105.00s.wav	0
162	Waveform 1	1	483.000000000	486.000000000	0.000	22050.000	0.209_4_ELDON2_20250429_200302_1968.00s_1971.00s.wav	0
162	Spectrogram 1	1	483.000000000	486.000000000	0.000	22050.000	0.209_4_ELDON2_20250429_200302_1968.00s_1971.00s.wav	0
163	Waveform 1	1	486.000000000	489.000000000	0.000	22050.000	0.210_6_ELDON8_20250420_185400_177.00s_180.00s.wav	1
163	Spectrogram 1	1	486.000000000	489.000000000	0.000	22050.000	0.210_6_ELDON8_20250420_185400_177.00s_180.00s.wav	1
164	Waveform 1	1	489.000000000	492.000000000	0.000	22050.000	0.210_8_ELDON1_20250419_185300_720.00s_723.00s.wav	1
164	Spectrogram 1	1	489.000000000	492.000000000	0.000	22050.000	0.210_8_ELDON1_20250419_185300_720.00s_723.00s.wav	1
165	Waveform 1	1	492.000000000	495.000000000	0.000	22050.000	0.211_2_ELDON7_20250427_062002_450.00s_453.00s.wav	0
165	Spectrogram 1	1	492.000000000	495.000000000	0.000	22050.000	0.211_2_ELDON7_20250427_062002_450.00s_453.00s.wav	0
166	Waveform 1	1	495.000000000	498.000000000	0.000	22050.000	0.212_6_ELDON2_20250419_185300_3051.00s_3054.00s.wav	0
166	Spectrogram 1	1	495.000000000	498.000000000	0.000	22050.000	0.212_6_ELDON2_20250419_185300_3051.00s_3054.00s.wav	0
167	Waveform 1	1	498.000000000	501.000000000	0.000	22050.000	0.212_6_ELDON9_20250707_194000_3324.00s_3327.00s.wav	1
167	Spectrogram 1	1	498.000000000	501.000000000	0.000	22050.000	0.212_6_ELDON9_20250707_194000_3324.00s_3327.00s.wav	1
168	Waveform 1	1	501.000000000	504.000000000	0.000	22050.000	0.219_5_ELDON3_20250425_185900_1506.00s_1509.00s.wav	0
168	Spectrogram 1	1	501.000000000	504.000000000	0.000	22050.000	0.219_5_ELDON3_20250425_185900_1506.00s_1509.00s.wav	0
169	Waveform 1	1	504.000000000	507.000000000	0.000	22050.000	0.230_5_ELDON2_20250429_200302_2667.00s_2670.00s.wav	1
169	Spectrogram 1	1	504.000000000	507.000000000	0.000	22050.000	0.230_5_ELDON2_20250429_200302_2667.00s_2670.00s.wav	1
170	Waveform 1	1	507.000000000	510.000000000	0.000	22050.000	0.236_8_ELDON2_20250424_185800_1251.00s_1254.00s.wav	0
170	Spectrogram 1	1	507.000000000	510.000000000	0.000	22050.000	0.236_8_ELDON2_20250424_185800_1251.00s_1254.00s.wav	0
171	Waveform 1	1	510.000000000	513.000000000	0.000	22050.000	0.244_5_ELDON1_20250419_053100_1647.00s_1650.00s.wav	0
171	Spectrogram 1	1	510.000000000	513.000000000	0.000	22050.000	0.244_5_ELDON1_20250419_053100_1647.00s_1650.00s.wav	0
172	Waveform 1	1	513.000000000	516.000000000	0.000	22050.000	0.246_7_ELDON2_20250501_190500_2238.00s_2241.00s.wav	1
172	Spectrogram 1	1	513.000000000	516.000000000	0.000	22050.000	0.246_7_ELDON2_20250501_190500_2238.00s_2241.00s.wav	1
173	Waveform 1	1	516.000000000	519.000000000	0.000	22050.000	0.255_4_ELDON10_20250626_045000_1017.00s_1020.00s.wav	0
173	Spectrogram 1	1	516.000000000	519.000000000	0.000	22050.000	0.255_4_ELDON10_20250626_045000_1017.00s_1020.00s.wav	0
174	Waveform 1	1	519.000000000	522.000000000	0.000	22050.000	0.256_1_ELDON2_20250417_185100_1221.00s_1224.00s.wav	1
174	Spectrogram 1	1	519.000000000	522.000000000	0.000	22050.000	0.256_1_ELDON2_20250417_185100_1221.00s_1224.00s.wav	1
175	Waveform 1	1	522.000000000	525.000000000	0.000	22050.000	0.256_24_ELDON9_20250417_185100_1221.00s_1224.00s.wav	1
175	Spectrogram 1	1	522.000000000	525.000000000	0.000	22050.000	0.256_24_ELDON9_20250417_185100_1221.00s_1224.00s.wav	1
176	Waveform 1	1	525.000000000	528.000000000	0.000	22050.000	0.256_2_ELDON4_20250426_052100_1020.00s_1023.00s.wav	0
176	Spectrogram 1	1	525.000000000	528.000000000	0.000	22050.000	0.256_2_ELDON4_20250426_052100_1020.00s_1023.00s.wav	0
177	Waveform 1	1	528.000000000	531.000000000	0.000	22050.000	0.258_2_ELDON1_20250429_200302_2523.00s_2526.00s.wav	1
177	Spectrogram 1	1	528.000000000	531.000000000	0.000	22050.000	0.258_2_ELDON1_20250429_200302_2523.00s_2526.00s.wav	1
178	Waveform 1	1	531.000000000	534.000000000	0.000	22050.000	0.258_3_ELDON5_20250702_055302_2757.00s_2760.00s.wav	0
178	Spectrogram 1	1	531.000000000	534.000000000	0.000	22050.000	0.258_3_ELDON5_20250702_055302_2757.00s_2760.00s.wav	0
179	Waveform 1	1	534.000000000	537.000000000	0.000	22050.000	0.265_5_ELDON2_20250427_190100_870.00s_873.00s.wav	0
179	Spectrogram 1	1	534.000000000	537.000000000	0.000	22050.000	0.265_5_ELDON2_20250427_190100_870.00s_873.00s.wav	0
180	Waveform 1	1	537.000000000	540.000000000	0.000	22050.000	0.274_11_ELDON7_20250427_190100_1719.00s_1722.00s.wav	0
180	Spectrogram 1	1	537.000000000	540.000000000	0.000	22050.000	0.274_11_ELDON7_20250427_190100_1719.00s_1722.00s.wav	0
181	Waveform 1	1	540.000000000	543.000000000	0.000	22050.000	0.279_26_ELDON9_20250417_185100_2742.00s_2745.00s.wav	1
181	Spectrogram 1	1	540.000000000	543.000000000	0.000	22050.000	0.279_26_ELDON9_20250417_185100_2742.00s_2745.00s.wav	1
182	Waveform 1	1	543.000000000	546.000000000	0.000	22050.000	0.282_1_ELDON7_20250427_062002_423.00s_426.00s.wav	0
182	Spectrogram 1	1	543.000000000	546.000000000	0.000	22050.000	0.282_1_ELDON7_20250427_062002_423.00s_426.00s.wav	0
183	Waveform 1	1	546.000000000	549.000000000	0.000	22050.000	0.284_4_ELDON4_20250429_200302_2190.00s_2193.00s.wav	0
183	Spectrogram 1	1	546.000000000	549.000000000	0.000	22050.000	0.284_4_ELDON4_20250429_200302_2190.00s_2193.00s.wav	0
184	Waveform 1	1	549.000000000	552.000000000	0.000	22050.000	0.331_2_ELDON2_20250421_052800_1239.00s_1242.00s.wav	1
184	Spectrogram 1	1	549.000000000	552.000000000	0.000	22050.000	0.331_2_ELDON2_20250421_052800_1239.00s_1242.00s.wav	1
185	Waveform 1	1	552.000000000	555.000000000	0.000	22050.000	0.339_6_ELDON2_20250501_200502_1713.00s_1716.00s.wav	1
185	Spectrogram 1	1	552.000000000	555.000000000	0.000	22050.000	0.339_6_ELDON2_20250501_200502_1713.00s_1716.00s.wav	1
186	Waveform 1	1	555.000000000	558.000000000	0.000	22050.000	0.341_7_ELDON2_20250501_200502_126.00s_129.00s.wav	0
186	Spectrogram 1	1	555.000000000	558.000000000	0.000	22050.000	0.341_7_ELDON2_20250501_200502_126.00s_129.00s.wav	0
187	Waveform 1	1	558.000000000	561.000000000	0.000	22050.000	0.363_6_ELDON3_20250422_185600_1203.00s_1206.00s.wav	1
187	Spectrogram 1	1	558.000000000	561.000000000	0.000	22050.000	0.363_6_ELDON3_20250422_185600_1203.00s_1206.00s.wav	1
188	Waveform 1	1	561.000000000	564.000000000	0.000	22050.000	0.375_3_ELDON4_20250429_200302_2298.00s_2301.00s.wav	0
188	Spectrogram 1	1	561.000000000	564.000000000	0.000	22050.000	0.375_3_ELDON4_20250429_200302_2298.00s_2301.00s.wav	0
189	Waveform 1	1	564.000000000	567.000000000	0.000	22050.000	0.380_5_ELDON1_20250630_194100_570.00s_573.00s.wav	1
189	Spectrogram 1	1	564.000000000	567.000000000	0.000	22050.000	0.380_5_ELDON1_20250630_194100_570.00s_573.00s.wav	1
190	Waveform 1	1	567.000000000	570.000000000	0.000	22050.000	0.399_2_ELDON1_20250419_195302_1698.00s_1701.00s.wav	1
190	Spectrogram 1	1	567.000000000	570.000000000	0.000	22050.000	0.399_2_ELDON1_20250419_195302_1698.00s_1701.00s.wav	1
191	Waveform 1	1	570.000000000	573.000000000	0.000	22050.000	0.404_12_ELDON7_20250427_190100_2316.00s_2319.00s.wav	0
191	Spectrogram 1	1	570.000000000	573.000000000	0.000	22050.000	0.404_12_ELDON7_20250427_190100_2316.00s_2319.00s.wav	0
192	Waveform 1	1	573.000000000	576.000000000	0.000	22050.000	0.416_4_ELDON2_20250428_190200_381.00s_384.00s.wav	0
192	Spectrogram 1	1	573.000000000	576.000000000	0.000	22050.000	0.416_4_ELDON2_20250428_190200_381.00s_384.00s.wav	0
193	Waveform 1	1	576.000000000	579.000000000	0.000	22050.000	0.433_6_ELDON2_20250429_200302_1836.00s_1839.00s.wav	1
193	Spectrogram 1	1	576.000000000	579.000000000	0.000	22050.000	0.433_6_ELDON2_20250429_200302_1836.00s_1839.00s.wav	1
194	Waveform 1	1	579.000000000	582.000000000	0.000	22050.000	0.437_2_ELDON4_20250421_052800_948.00s_951.00s.wav	0
194	Spectrogram 1	1	579.000000000	582.000000000	0.000	22050.000	0.437_2_ELDON4_20250421_052800_948.00s_951.00s.wav	0
195	Waveform 1	1	582.000000000	585.000000000	0.000	22050.000	0.440_5_ELDON2_20250420_185400_1722.00s_1725.00s.wav	1
195	Spectrogram 1	1	582.000000000	585.000000000	0.000	22050.000	0.440_5_ELDON2_20250420_185400_1722.00s_1725.00s.wav	1
196	Waveform 1	1	585.000000000	588.000000000	0.000	22050.000	0.442_7_ELDON2_20250429_200302_576.00s_579.00s.wav	0
196	Spectrogram 1	1	585.000000000	588.000000000	0.000	22050.000	0.442_7_ELDON2_20250429_200302_576.00s_579.00s.wav	0
197	Waveform 1	1	588.000000000	591.000000000	0.000	22050.000	0.451_6_ELDON3_20250425_185900_3348.00s_3351.00s.wav	1
197	Spectrogram 1	1	588.000000000	591.000000000	0.000	22050.000	0.451_6_ELDON3_20250425_185900_3348.00s_3351.00s.wav	1
198	Waveform 1	1	591.000000000	594.000000000	0.000	22050.000	0.469_4_ELDON2_20250427_190100_810.00s_813.00s.wav	0
198	Spectrogram 1	1	591.000000000	594.000000000	0.000	22050.000	0.469_4_ELDON2_20250427_190100_810.00s_813.00s.wav	0
199	Waveform 1	1	594.000000000	597.000000000	0.000	22050.000	0.500_5_ELDON7_20250429_190300_2337.00s_2340.00s.wav	0
199	Spectrogram 1	1	594.000000000	597.000000000	0.000	22050.000	0.500_5_ELDON7_20250429_190300_2337.00s_2340.00s.wav	0
200	Waveform 1	1	597.000000000	600.000000000	0.000	22050.000	0.528_3_ELDON1_20250425_185900_1512.00s_1515.00s.wav	1
200	Spectrogram 1	1	597.000000000	600.000000000	0.000	22050.000	0.528_3_ELDON1_20250425_185900_1512.00s_1515.00s.wav	1
201	Waveform 1	1	600.000000000	603.000000000	0.000	22050.000	0.609_5_ELDON2_20250424_185800_2937.00s_2940.00s.wav	1
201	Spectrogram 1	1	600.000000000	603.000000000	0.000	22050.000	0.609_5_ELDON2_20250424_185800_2937.00s_2940.00s.wav	1
202	Waveform 1	1	603.000000000	606.000000000	0.000	22050.000	0.626_1_ELDON8_20250503_200702_231.00s_234.00s.wav	1
202	Spectrogram 1	1	603.000000000	606.000000000	0.000	22050.000	0.626_1_ELDON8_20250503_200702_231.00s_234.00s.wav	1
203	Waveform 1	1	606.000000000	609.000000000	0.000	22050.000	0.743_5_ELDON1_20250419_185300_771.00s_774.00s.wav	0
203	Spectrogram 1	1	606.000000000	609.000000000	0.000	22050.000	0.743_5_ELDON1_20250419_185300_771.00s_774.00s.wav	0
