Selection	View	Channel	Begin Time (s)	End Time (s)	Low Freq (Hz)	High Freq (Hz)	Begin File	Valid
1	Waveform 1	1	0.000000000	3.000000000	0.0	24000.0	0.101_27_ELDON5_20250421_185500_1059.0s_1062.0s.wav	0
1	Spectrogram 1	1	0.000000000	3.000000000	0.0	24000.0	0.101_27_ELDON5_20250421_185500_1059.0s_1062.0s.wav	0
2	Waveform 1	1	3.000000000	6.000000000	0.0	24000.0	0.101_9_ELDON9_20250422_185600_1083.0s_1086.0s.wav	0
2	Spectrogram 1	1	3.000000000	6.000000000	0.0	24000.0	0.101_9_ELDON9_20250422_185600_1083.0s_1086.0s.wav	0
3	Waveform 1	1	6.000000000	9.000000000	0.0	24000.0	0.102_11_ELDON7_20250430_051600_3321.0s_3324.0s.wav	0
3	Spectrogram 1	1	6.000000000	9.000000000	0.0	24000.0	0.102_11_ELDON7_20250430_051600_3321.0s_3324.0s.wav	0
4	Waveform 1	1	9.000000000	12.000000000	0.0	24000.0	0.102_30_ELDON5_20250421_185500_354.0s_357.0s.wav	0
4	Spectrogram 1	1	9.000000000	12.000000000	0.0	24000.0	0.102_30_ELDON5_20250421_185500_354.0s_357.0s.wav	0
5	Waveform 1	1	12.000000000	15.000000000	0.0	24000.0	0.102_36_ELDON2_20250422_062702_1404.0s_1407.0s.wav	0
5	Spectrogram 1	1	12.000000000	15.000000000	0.0	24000.0	0.102_36_ELDON2_20250422_062702_1404.0s_1407.0s.wav	0
6	Waveform 1	1	15.000000000	18.000000000	0.0	24000.0	0.102_4_ELDON7_20250429_200302_2712.0s_2715.0s.wav	0
6	Spectrogram 1	1	15.000000000	18.000000000	0.0	24000.0	0.102_4_ELDON7_20250429_200302_2712.0s_2715.0s.wav	0
7	Waveform 1	1	18.000000000	21.000000000	0.0	24000.0	0.102_5_ELDON7_20250424_195802_531.0s_534.0s.wav	0
7	Spectrogram 1	1	18.000000000	21.000000000	0.0	24000.0	0.102_5_ELDON7_20250424_195802_531.0s_534.0s.wav	0
8	Waveform 1	1	21.000000000	24.000000000	0.0	24000.0	0.103_14_ELDON7_20250424_062402_3504.0s_3507.0s.wav	1
8	Spectrogram 1	1	21.000000000	24.000000000	0.0	24000.0	0.103_14_ELDON7_20250424_062402_3504.0s_3507.0s.wav	1
9	Waveform 1	1	24.000000000	27.000000000	0.0	24000.0	0.103_14_ELDON7_20250429_200302_3129.0s_3132.0s.wav	0
9	Spectrogram 1	1	24.000000000	27.000000000	0.0	24000.0	0.103_14_ELDON7_20250429_200302_3129.0s_3132.0s.wav	0
10	Waveform 1	1	27.000000000	30.000000000	0.0	24000.0	0.103_17_ELDON3_20250425_185900_2091.0s_2094.0s.wav	0
10	Spectrogram 1	1	27.000000000	30.000000000	0.0	24000.0	0.103_17_ELDON3_20250425_185900_2091.0s_2094.0s.wav	0
11	Waveform 1	1	30.000000000	33.000000000	0.0	24000.0	0.103_4_ELDON7_20250422_185600_2406.0s_2409.0s.wav	0
11	Spectrogram 1	1	30.000000000	33.000000000	0.0	24000.0	0.103_4_ELDON7_20250422_185600_2406.0s_2409.0s.wav	0
12	Waveform 1	1	33.000000000	36.000000000	0.0	24000.0	0.104_22_ELDON5_20250419_185300_2733.0s_2736.0s.wav	0
12	Spectrogram 1	1	33.000000000	36.000000000	0.0	24000.0	0.104_22_ELDON5_20250419_185300_2733.0s_2736.0s.wav	0
13	Waveform 1	1	36.000000000	39.000000000	0.0	24000.0	0.104_4_ELDON7_20250427_062002_897.0s_900.0s.wav	0
13	Spectrogram 1	1	36.000000000	39.000000000	0.0	24000.0	0.104_4_ELDON7_20250427_062002_897.0s_900.0s.wav	0
14	Waveform 1	1	39.000000000	42.000000000	0.0	24000.0	0.104_7_ELDON9_20250426_062102_3501.0s_3504.0s.wav	0
14	Spectrogram 1	1	39.000000000	42.000000000	0.0	24000.0	0.104_7_ELDON9_20250426_062102_3501.0s_3504.0s.wav	0
15	Waveform 1	1	42.000000000	45.000000000	0.0	24000.0	0.104_8_ELDON2_20250430_051600_1110.0s_1113.0s.wav	0
15	Spectrogram 1	1	42.000000000	45.000000000	0.0	24000.0	0.104_8_ELDON2_20250430_051600_1110.0s_1113.0s.wav	0
16	Waveform 1	1	45.000000000	48.000000000	0.0	24000.0	0.105_6_ELDON9_20250428_200202_1902.0s_1905.0s.wav	0
16	Spectrogram 1	1	45.000000000	48.000000000	0.0	24000.0	0.105_6_ELDON9_20250428_200202_1902.0s_1905.0s.wav	0
17	Waveform 1	1	48.000000000	51.000000000	0.0	24000.0	0.106_19_ELDON2_20250428_051900_2520.0s_2523.0s.wav	0
17	Spectrogram 1	1	48.000000000	51.000000000	0.0	24000.0	0.106_19_ELDON2_20250428_051900_2520.0s_2523.0s.wav	0
18	Waveform 1	1	51.000000000	54.000000000	0.0	24000.0	0.106_4_ELDON9_20250430_061602_2169.0s_2172.0s.wav	1
18	Spectrogram 1	1	51.000000000	54.000000000	0.0	24000.0	0.106_4_ELDON9_20250430_061602_2169.0s_2172.0s.wav	1
19	Waveform 1	1	54.000000000	57.000000000	0.0	24000.0	0.106_6_ELDON7_20250422_185600_1884.0s_1887.0s.wav	0
19	Spectrogram 1	1	54.000000000	57.000000000	0.0	24000.0	0.106_6_ELDON7_20250422_185600_1884.0s_1887.0s.wav	0
20	Waveform 1	1	57.000000000	60.000000000	0.0	24000.0	0.106_6_ELDON7_20250425_062302_3378.0s_3381.0s.wav	0
20	Spectrogram 1	1	57.000000000	60.000000000	0.0	24000.0	0.106_6_ELDON7_20250425_062302_3378.0s_3381.0s.wav	0
21	Waveform 1	1	60.000000000	63.000000000	0.0	24000.0	0.106_8_ELDON9_20250427_062002_843.0s_846.0s.wav	0
21	Spectrogram 1	1	60.000000000	63.000000000	0.0	24000.0	0.106_8_ELDON9_20250427_062002_843.0s_846.0s.wav	0
22	Waveform 1	1	63.000000000	66.000000000	0.0	24000.0	0.108_14_ELDON7_20250423_062502_1986.0s_1989.0s.wav	1
22	Spectrogram 1	1	63.000000000	66.000000000	0.0	24000.0	0.108_14_ELDON7_20250423_062502_1986.0s_1989.0s.wav	1
23	Waveform 1	1	66.000000000	69.000000000	0.0	24000.0	0.108_18_ELDON3_20250425_185900_1986.0s_1989.0s.wav	0
23	Spectrogram 1	1	66.000000000	69.000000000	0.0	24000.0	0.108_18_ELDON3_20250425_185900_1986.0s_1989.0s.wav	0
24	Waveform 1	1	69.000000000	72.000000000	0.0	24000.0	0.109_12_ELDON7_20250429_200302_3273.0s_3276.0s.wav	0
24	Spectrogram 1	1	69.000000000	72.000000000	0.0	24000.0	0.109_12_ELDON7_20250429_200302_3273.0s_3276.0s.wav	0
25	Waveform 1	1	72.000000000	75.000000000	0.0	24000.0	0.110_11_ELDON7_20250429_200302_3276.0s_3279.0s.wav	0
25	Spectrogram 1	1	72.000000000	75.000000000	0.0	24000.0	0.110_11_ELDON7_20250429_200302_3276.0s_3279.0s.wav	0
26	Waveform 1	1	75.000000000	78.000000000	0.0	24000.0	0.110_23_ELDON3_20250424_185800_1812.0s_1815.0s.wav	0
26	Spectrogram 1	1	75.000000000	78.000000000	0.0	24000.0	0.110_23_ELDON3_20250424_185800_1812.0s_1815.0s.wav	0
27	Waveform 1	1	78.000000000	81.000000000	0.0	24000.0	0.110_24_ELDON6_20250419_185300_2109.0s_2112.0s.wav	0
27	Spectrogram 1	1	78.000000000	81.000000000	0.0	24000.0	0.110_24_ELDON6_20250419_185300_2109.0s_2112.0s.wav	0
28	Waveform 1	1	81.000000000	84.000000000	0.0	24000.0	0.111_7_ELDON1_20250426_052100_1344.0s_1347.0s.wav	0
28	Spectrogram 1	1	81.000000000	84.000000000	0.0	24000.0	0.111_7_ELDON1_20250426_052100_1344.0s_1347.0s.wav	0
29	Waveform 1	1	84.000000000	87.000000000	0.0	24000.0	0.111_7_ELDON7_20250425_062302_819.0s_822.0s.wav	1
29	Spectrogram 1	1	84.000000000	87.000000000	0.0	24000.0	0.111_7_ELDON7_20250425_062302_819.0s_822.0s.wav	1
30	Waveform 1	1	87.000000000	90.000000000	0.0	24000.0	0.112_19_ELDON3_20250423_185700_1500.0s_1503.0s.wav	0
30	Spectrogram 1	1	87.000000000	90.000000000	0.0	24000.0	0.112_19_ELDON3_20250423_185700_1500.0s_1503.0s.wav	0
31	Waveform 1	1	90.000000000	93.000000000	0.0	24000.0	0.112_9_ELDON2_20250422_185600_2469.0s_2472.0s.wav	0
31	Spectrogram 1	1	90.000000000	93.000000000	0.0	24000.0	0.112_9_ELDON2_20250422_185600_2469.0s_2472.0s.wav	0
32	Waveform 1	1	93.000000000	96.000000000	0.0	24000.0	0.112_9_ELDON7_20250426_062102_3507.0s_3510.0s.wav	0
32	Spectrogram 1	1	93.000000000	96.000000000	0.0	24000.0	0.112_9_ELDON7_20250426_062102_3507.0s_3510.0s.wav	0
33	Waveform 1	1	96.000000000	99.000000000	0.0	24000.0	0.113_13_ELDON4_20250423_185700_1464.0s_1467.0s.wav	0
33	Spectrogram 1	1	96.000000000	99.000000000	0.0	24000.0	0.113_13_ELDON4_20250423_185700_1464.0s_1467.0s.wav	0
34	Waveform 1	1	99.000000000	102.000000000	0.0	24000.0	0.113_26_ELDON5_20250420_185400_3435.0s_3438.0s.wav	0
34	Spectrogram 1	1	99.000000000	102.000000000	0.0	24000.0	0.113_26_ELDON5_20250420_185400_3435.0s_3438.0s.wav	0
35	Waveform 1	1	102.000000000	105.000000000	0.0	24000.0	0.113_5_ELDON7_20250429_200302_2616.0s_2619.0s.wav	0
35	Spectrogram 1	1	102.000000000	105.000000000	0.0	24000.0	0.113_5_ELDON7_20250429_200302_2616.0s_2619.0s.wav	0
36	Waveform 1	1	105.000000000	108.000000000	0.0	24000.0	0.115_20_ELDON5_20250419_185300_3390.0s_3393.0s.wav	0
36	Spectrogram 1	1	105.000000000	108.000000000	0.0	24000.0	0.115_20_ELDON5_20250419_185300_3390.0s_3393.0s.wav	0
37	Waveform 1	1	108.000000000	111.000000000	0.0	24000.0	0.115_6_ELDON2_20250424_195802_702.0s_705.0s.wav	0
37	Spectrogram 1	1	108.000000000	111.000000000	0.0	24000.0	0.115_6_ELDON2_20250424_195802_702.0s_705.0s.wav	0
38	Waveform 1	1	111.000000000	114.000000000	0.0	24000.0	0.116_28_ELDON5_20250420_185400_1359.0s_1362.0s.wav	0
38	Spectrogram 1	1	111.000000000	114.000000000	0.0	24000.0	0.116_28_ELDON5_20250420_185400_1359.0s_1362.0s.wav	0
39	Waveform 1	1	114.000000000	117.000000000	0.0	24000.0	0.117_13_ELDON7_20250428_061902_477.0s_480.0s.wav	0
39	Spectrogram 1	1	114.000000000	117.000000000	0.0	24000.0	0.117_13_ELDON7_20250428_061902_477.0s_480.0s.wav	0
40	Waveform 1	1	117.000000000	120.000000000	0.0	24000.0	0.117_15_ELDON4_20250425_185900_957.0s_960.0s.wav	0
40	Spectrogram 1	1	117.000000000	120.000000000	0.0	24000.0	0.117_15_ELDON4_20250425_185900_957.0s_960.0s.wav	0
41	Waveform 1	1	120.000000000	123.000000000	0.0	24000.0	0.117_26_ELDON5_20250419_185300_2796.0s_2799.0s.wav	0
41	Spectrogram 1	1	120.000000000	123.000000000	0.0	24000.0	0.117_26_ELDON5_20250419_185300_2796.0s_2799.0s.wav	0
42	Waveform 1	1	123.000000000	126.000000000	0.0	24000.0	0.117_28_ELDON7_20250425_185900_1047.0s_1050.0s.wav	0
42	Spectrogram 1	1	123.000000000	126.000000000	0.0	24000.0	0.117_28_ELDON7_20250425_185900_1047.0s_1050.0s.wav	0
43	Waveform 1	1	126.000000000	129.000000000	0.0	24000.0	0.118_12_ELDON7_20250428_061902_672.0s_675.0s.wav	0
43	Spectrogram 1	1	126.000000000	129.000000000	0.0	24000.0	0.118_12_ELDON7_20250428_061902_672.0s_675.0s.wav	0
44	Waveform 1	1	129.000000000	132.000000000	0.0	24000.0	0.118_4_ELDON9_20250426_062102_2982.0s_2985.0s.wav	0
44	Spectrogram 1	1	129.000000000	132.000000000	0.0	24000.0	0.118_4_ELDON9_20250426_062102_2982.0s_2985.0s.wav	0
45	Waveform 1	1	132.000000000	135.000000000	0.0	24000.0	0.118_9_ELDON3_20250422_185600_3438.0s_3441.0s.wav	0
45	Spectrogram 1	1	132.000000000	135.000000000	0.0	24000.0	0.118_9_ELDON3_20250422_185600_3438.0s_3441.0s.wav	0
46	Waveform 1	1	135.000000000	138.000000000	0.0	24000.0	0.120_12_ELDON9_20250424_062402_1617.0s_1620.0s.wav	1
46	Spectrogram 1	1	135.000000000	138.000000000	0.0	24000.0	0.120_12_ELDON9_20250424_062402_1617.0s_1620.0s.wav	1
47	Waveform 1	1	138.000000000	141.000000000	0.0	24000.0	0.120_13_ELDON1_20250423_185700_306.0s_309.0s.wav	0
47	Spectrogram 1	1	138.000000000	141.000000000	0.0	24000.0	0.120_13_ELDON1_20250423_185700_306.0s_309.0s.wav	0
48	Waveform 1	1	141.000000000	144.000000000	0.0	24000.0	0.120_16_ELDON3_20250425_185900_2025.0s_2028.0s.wav	0
48	Spectrogram 1	1	141.000000000	144.000000000	0.0	24000.0	0.120_16_ELDON3_20250425_185900_2025.0s_2028.0s.wav	0
49	Waveform 1	1	144.000000000	147.000000000	0.0	24000.0	0.120_7_ELDON2_20250430_200402_1569.0s_1572.0s.wav	0
49	Spectrogram 1	1	144.000000000	147.000000000	0.0	24000.0	0.120_7_ELDON2_20250430_200402_1569.0s_1572.0s.wav	0
50	Waveform 1	1	147.000000000	150.000000000	0.0	24000.0	0.121_5_ELDON6_20250417_185100_522.0s_525.0s.wav	0
50	Spectrogram 1	1	147.000000000	150.000000000	0.0	24000.0	0.121_5_ELDON6_20250417_185100_522.0s_525.0s.wav	0
51	Waveform 1	1	150.000000000	153.000000000	0.0	24000.0	0.121_5_ELDON7_20250425_062302_3357.0s_3360.0s.wav	0
51	Spectrogram 1	1	150.000000000	153.000000000	0.0	24000.0	0.121_5_ELDON7_20250425_062302_3357.0s_3360.0s.wav	0
52	Waveform 1	1	153.000000000	156.000000000	0.0	24000.0	0.121_9_ELDON9_20250430_051600_1065.0s_1068.0s.wav	0
52	Spectrogram 1	1	153.000000000	156.000000000	0.0	24000.0	0.121_9_ELDON9_20250430_051600_1065.0s_1068.0s.wav	0
53	Waveform 1	1	156.000000000	159.000000000	0.0	24000.0	0.123_16_ELDON1_20250425_185900_3012.0s_3015.0s.wav	0
53	Spectrogram 1	1	156.000000000	159.000000000	0.0	24000.0	0.123_16_ELDON1_20250425_185900_3012.0s_3015.0s.wav	0
54	Waveform 1	1	159.000000000	162.000000000	0.0	24000.0	0.123_26_ELDON6_20250419_185300_2055.0s_2058.0s.wav	0
54	Spectrogram 1	1	159.000000000	162.000000000	0.0	24000.0	0.123_26_ELDON6_20250419_185300_2055.0s_2058.0s.wav	0
55	Waveform 1	1	162.000000000	165.000000000	0.0	24000.0	0.125_28_ELDON2_20250425_195902_1974.0s_1977.0s.wav	0
55	Spectrogram 1	1	162.000000000	165.000000000	0.0	24000.0	0.125_28_ELDON2_20250425_195902_1974.0s_1977.0s.wav	0
56	Waveform 1	1	165.000000000	168.000000000	0.0	24000.0	0.126_6_ELDON1_20250423_195702_1167.0s_1170.0s.wav	0
56	Spectrogram 1	1	165.000000000	168.000000000	0.0	24000.0	0.126_6_ELDON1_20250423_195702_1167.0s_1170.0s.wav	0
57	Waveform 1	1	168.000000000	171.000000000	0.0	24000.0	0.126_9_ELDON6_20250420_185400_3213.0s_3216.0s.wav	0
57	Spectrogram 1	1	168.000000000	171.000000000	0.0	24000.0	0.126_9_ELDON6_20250420_185400_3213.0s_3216.0s.wav	0
58	Waveform 1	1	171.000000000	174.000000000	0.0	24000.0	0.128_3_ELDON9_20250428_190200_1143.0s_1146.0s.wav	0
58	Spectrogram 1	1	171.000000000	174.000000000	0.0	24000.0	0.128_3_ELDON9_20250428_190200_1143.0s_1146.0s.wav	0
59	Waveform 1	1	174.000000000	177.000000000	0.0	24000.0	0.129_7_ELDON7_20250429_200302_2643.0s_2646.0s.wav	0
59	Spectrogram 1	1	174.000000000	177.000000000	0.0	24000.0	0.129_7_ELDON7_20250429_200302_2643.0s_2646.0s.wav	0
60	Waveform 1	1	177.000000000	180.000000000	0.0	24000.0	0.131_12_ELDON1_20250425_185900_3009.0s_3012.0s.wav	0
60	Spectrogram 1	1	177.000000000	180.000000000	0.0	24000.0	0.131_12_ELDON1_20250425_185900_3009.0s_3012.0s.wav	0
61	Waveform 1	1	180.000000000	183.000000000	0.0	24000.0	0.132_5_ELDON2_20250429_200302_2985.0s_2988.0s.wav	0
61	Spectrogram 1	1	180.000000000	183.000000000	0.0	24000.0	0.132_5_ELDON2_20250429_200302_2985.0s_2988.0s.wav	0
62	Waveform 1	1	183.000000000	186.000000000	0.0	24000.0	0.132_8_ELDON7_20250429_200302_2763.0s_2766.0s.wav	0
62	Spectrogram 1	1	183.000000000	186.000000000	0.0	24000.0	0.132_8_ELDON7_20250429_200302_2763.0s_2766.0s.wav	0
63	Waveform 1	1	186.000000000	189.000000000	0.0	24000.0	0.134_12_ELDON1_20250423_185700_1401.0s_1404.0s.wav	0
63	Spectrogram 1	1	186.000000000	189.000000000	0.0	24000.0	0.134_12_ELDON1_20250423_185700_1401.0s_1404.0s.wav	0
64	Waveform 1	1	189.000000000	192.000000000	0.0	24000.0	0.134_13_ELDON1_20250424_185800_471.0s_474.0s.wav	0
64	Spectrogram 1	1	189.000000000	192.000000000	0.0	24000.0	0.134_13_ELDON1_20250424_185800_471.0s_474.0s.wav	0
65	Waveform 1	1	192.000000000	195.000000000	0.0	24000.0	0.135_12_ELDON4_20250430_190400_786.0s_789.0s.wav	0
65	Spectrogram 1	1	192.000000000	195.000000000	0.0	24000.0	0.135_12_ELDON4_20250430_190400_786.0s_789.0s.wav	0
66	Waveform 1	1	195.000000000	198.000000000	0.0	24000.0	0.135_13_ELDON7_20250423_062502_2034.0s_2037.0s.wav	1
66	Spectrogram 1	1	195.000000000	198.000000000	0.0	24000.0	0.135_13_ELDON7_20250423_062502_2034.0s_2037.0s.wav	1
67	Waveform 1	1	198.000000000	201.000000000	0.0	24000.0	0.135_15_ELDON2_20250430_051600_3162.0s_3165.0s.wav	0
67	Spectrogram 1	1	198.000000000	201.000000000	0.0	24000.0	0.135_15_ELDON2_20250430_051600_3162.0s_3165.0s.wav	0
68	Waveform 1	1	201.000000000	204.000000000	0.0	24000.0	0.135_19_ELDON5_20250419_185300_2652.0s_2655.0s.wav	0
68	Spectrogram 1	1	201.000000000	204.000000000	0.0	24000.0	0.135_19_ELDON5_20250419_185300_2652.0s_2655.0s.wav	0
69	Waveform 1	1	204.000000000	207.000000000	0.0	24000.0	0.135_2_ELDON6_20250427_190100_1053.0s_1056.0s.wav	0
69	Spectrogram 1	1	204.000000000	207.000000000	0.0	24000.0	0.135_2_ELDON6_20250427_190100_1053.0s_1056.0s.wav	0
70	Waveform 1	1	207.000000000	210.000000000	0.0	24000.0	0.135_5_ELDON7_20250422_185600_66.0s_69.0s.wav	0
70	Spectrogram 1	1	207.000000000	210.000000000	0.0	24000.0	0.135_5_ELDON7_20250422_185600_66.0s_69.0s.wav	0
71	Waveform 1	1	210.000000000	213.000000000	0.0	24000.0	0.136_3_ELDON9_20250423_185700_849.0s_852.0s.wav	0
71	Spectrogram 1	1	210.000000000	213.000000000	0.0	24000.0	0.136_3_ELDON9_20250423_185700_849.0s_852.0s.wav	0
72	Waveform 1	1	213.000000000	216.000000000	0.0	24000.0	0.137_31_ELDON5_20250421_185500_1047.0s_1050.0s.wav	0
72	Spectrogram 1	1	213.000000000	216.000000000	0.0	24000.0	0.137_31_ELDON5_20250421_185500_1047.0s_1050.0s.wav	0
73	Waveform 1	1	216.000000000	219.000000000	0.0	24000.0	0.138_11_ELDON9_20250424_062402_1488.0s_1491.0s.wav	1
73	Spectrogram 1	1	216.000000000	219.000000000	0.0	24000.0	0.138_11_ELDON9_20250424_062402_1488.0s_1491.0s.wav	1
74	Waveform 1	1	219.000000000	222.000000000	0.0	24000.0	0.138_29_ELDON5_20250419_063102_2661.0s_2664.0s.wav	0
74	Spectrogram 1	1	219.000000000	222.000000000	0.0	24000.0	0.138_29_ELDON5_20250419_063102_2661.0s_2664.0s.wav	0
75	Waveform 1	1	222.000000000	225.000000000	0.0	24000.0	0.138_35_ELDON9_20250423_062502_1497.0s_1500.0s.wav	1
75	Spectrogram 1	1	222.000000000	225.000000000	0.0	24000.0	0.138_35_ELDON9_20250423_062502_1497.0s_1500.0s.wav	1
76	Waveform 1	1	225.000000000	228.000000000	0.0	24000.0	0.141_13_ELDON7_20250429_061802_183.0s_186.0s.wav	0
76	Spectrogram 1	1	225.000000000	228.000000000	0.0	24000.0	0.141_13_ELDON7_20250429_061802_183.0s_186.0s.wav	0
77	Waveform 1	1	228.000000000	231.000000000	0.0	24000.0	0.141_33_ELDON5_20250420_185400_1404.0s_1407.0s.wav	0
77	Spectrogram 1	1	228.000000000	231.000000000	0.0	24000.0	0.141_33_ELDON5_20250420_185400_1404.0s_1407.0s.wav	0
78	Waveform 1	1	231.000000000	234.000000000	0.0	24000.0	0.141_4_ELDON9_20250427_190100_2076.0s_2079.0s.wav	1
78	Spectrogram 1	1	231.000000000	234.000000000	0.0	24000.0	0.141_4_ELDON9_20250427_190100_2076.0s_2079.0s.wav	1
79	Waveform 1	1	234.000000000	237.000000000	0.0	24000.0	0.143_5_ELDON1_20250422_185600_2349.0s_2352.0s.wav	0
79	Spectrogram 1	1	234.000000000	237.000000000	0.0	24000.0	0.143_5_ELDON1_20250422_185600_2349.0s_2352.0s.wav	0
80	Waveform 1	1	237.000000000	240.000000000	0.0	24000.0	0.143_6_ELDON1_20250430_190400_384.0s_387.0s.wav	0
80	Spectrogram 1	1	237.000000000	240.000000000	0.0	24000.0	0.143_6_ELDON1_20250430_190400_384.0s_387.0s.wav	0
81	Waveform 1	1	240.000000000	243.000000000	0.0	24000.0	0.144_14_ELDON4_20250423_185700_783.0s_786.0s.wav	0
81	Spectrogram 1	1	240.000000000	243.000000000	0.0	24000.0	0.144_14_ELDON4_20250423_185700_783.0s_786.0s.wav	0
82	Waveform 1	1	243.000000000	246.000000000	0.0	24000.0	0.145_6_ELDON2_20250430_190400_3588.0s_3591.0s.wav	1
82	Spectrogram 1	1	243.000000000	246.000000000	0.0	24000.0	0.145_6_ELDON2_20250430_190400_3588.0s_3591.0s.wav	1
83	Waveform 1	1	246.000000000	249.000000000	0.0	24000.0	0.145_8_ELDON7_20250423_185700_42.0s_45.0s.wav	0
83	Spectrogram 1	1	246.000000000	249.000000000	0.0	24000.0	0.145_8_ELDON7_20250423_185700_42.0s_45.0s.wav	0
84	Waveform 1	1	249.000000000	252.000000000	0.0	24000.0	0.146_17_ELDON3_20250423_185700_987.0s_990.0s.wav	0
84	Spectrogram 1	1	249.000000000	252.000000000	0.0	24000.0	0.146_17_ELDON3_20250423_185700_987.0s_990.0s.wav	0
85	Waveform 1	1	252.000000000	255.000000000	0.0	24000.0	0.147_27_ELDON5_20250420_185400_3141.0s_3144.0s.wav	0
85	Spectrogram 1	1	252.000000000	255.000000000	0.0	24000.0	0.147_27_ELDON5_20250420_185400_3141.0s_3144.0s.wav	0
86	Waveform 1	1	255.000000000	258.000000000	0.0	24000.0	0.147_29_ELDON7_20250425_185900_300.0s_303.0s.wav	0
86	Spectrogram 1	1	255.000000000	258.000000000	0.0	24000.0	0.147_29_ELDON7_20250425_185900_300.0s_303.0s.wav	0
87	Waveform 1	1	258.000000000	261.000000000	0.0	24000.0	0.147_6_ELDON3_20250422_195602_198.0s_201.0s.wav	0
87	Spectrogram 1	1	258.000000000	261.000000000	0.0	24000.0	0.147_6_ELDON3_20250422_195602_198.0s_201.0s.wav	0
88	Waveform 1	1	261.000000000	264.000000000	0.0	24000.0	0.148_10_ELDON7_20250430_051600_219.0s_222.0s.wav	0
88	Spectrogram 1	1	261.000000000	264.000000000	0.0	24000.0	0.148_10_ELDON7_20250430_051600_219.0s_222.0s.wav	0
89	Waveform 1	1	264.000000000	267.000000000	0.0	24000.0	0.148_11_ELDON1_20250425_185900_2964.0s_2967.0s.wav	0
89	Spectrogram 1	1	264.000000000	267.000000000	0.0	24000.0	0.148_11_ELDON1_20250425_185900_2964.0s_2967.0s.wav	0
90	Waveform 1	1	267.000000000	270.000000000	0.0	24000.0	0.150_12_ELDON1_20250430_051600_567.0s_570.0s.wav	0
90	Spectrogram 1	1	267.000000000	270.000000000	0.0	24000.0	0.150_12_ELDON1_20250430_051600_567.0s_570.0s.wav	0
91	Waveform 1	1	270.000000000	273.000000000	0.0	24000.0	0.151_16_ELDON3_20250423_185700_852.0s_855.0s.wav	0
91	Spectrogram 1	1	270.000000000	273.000000000	0.0	24000.0	0.151_16_ELDON3_20250423_185700_852.0s_855.0s.wav	0
92	Waveform 1	1	273.000000000	276.000000000	0.0	24000.0	0.152_10_ELDON1_20250425_185900_105.0s_108.0s.wav	0
92	Spectrogram 1	1	273.000000000	276.000000000	0.0	24000.0	0.152_10_ELDON1_20250425_185900_105.0s_108.0s.wav	0
93	Waveform 1	1	276.000000000	279.000000000	0.0	24000.0	0.153_1_ELDON2_20250429_200302_1011.0s_1014.0s.wav	0
93	Spectrogram 1	1	276.000000000	279.000000000	0.0	24000.0	0.153_1_ELDON2_20250429_200302_1011.0s_1014.0s.wav	0
94	Waveform 1	1	279.000000000	282.000000000	0.0	24000.0	0.153_4_ELDON7_20250429_190300_1731.0s_1734.0s.wav	0
94	Spectrogram 1	1	279.000000000	282.000000000	0.0	24000.0	0.153_4_ELDON7_20250429_190300_1731.0s_1734.0s.wav	0
95	Waveform 1	1	282.000000000	285.000000000	0.0	24000.0	0.154_12_ELDON1_20250424_185800_750.0s_753.0s.wav	0
95	Spectrogram 1	1	282.000000000	285.000000000	0.0	24000.0	0.154_12_ELDON1_20250424_185800_750.0s_753.0s.wav	0
96	Waveform 1	1	285.000000000	288.000000000	0.0	24000.0	0.154_28_ELDON5_20250419_063102_153.0s_156.0s.wav	0
96	Spectrogram 1	1	285.000000000	288.000000000	0.0	24000.0	0.154_28_ELDON5_20250419_063102_153.0s_156.0s.wav	0
97	Waveform 1	1	288.000000000	291.000000000	0.0	24000.0	0.155_18_ELDON5_20250419_185300_2793.0s_2796.0s.wav	0
97	Spectrogram 1	1	288.000000000	291.000000000	0.0	24000.0	0.155_18_ELDON5_20250419_185300_2793.0s_2796.0s.wav	0
98	Waveform 1	1	291.000000000	294.000000000	0.0	24000.0	0.155_3_ELDON9_20250429_200302_1206.0s_1209.0s.wav	0
98	Spectrogram 1	1	291.000000000	294.000000000	0.0	24000.0	0.155_3_ELDON9_20250429_200302_1206.0s_1209.0s.wav	0
99	Waveform 1	1	294.000000000	297.000000000	0.0	24000.0	0.157_18_ELDON3_20250423_185700_309.0s_312.0s.wav	0
99	Spectrogram 1	1	294.000000000	297.000000000	0.0	24000.0	0.157_18_ELDON3_20250423_185700_309.0s_312.0s.wav	0
100	Waveform 1	1	297.000000000	300.000000000	0.0	24000.0	0.158_13_ELDON1_20250427_062002_2466.0s_2469.0s.wav	0
100	Spectrogram 1	1	297.000000000	300.000000000	0.0	24000.0	0.158_13_ELDON1_20250427_062002_2466.0s_2469.0s.wav	0
101	Waveform 1	1	300.000000000	303.000000000	0.0	24000.0	0.158_13_ELDON4_20250425_185900_654.0s_657.0s.wav	0
101	Spectrogram 1	1	300.000000000	303.000000000	0.0	24000.0	0.158_13_ELDON4_20250425_185900_654.0s_657.0s.wav	0
102	Waveform 1	1	303.000000000	306.000000000	0.0	24000.0	0.160_10_ELDON3_20250423_195702_1740.0s_1743.0s.wav	0
102	Spectrogram 1	1	303.000000000	306.000000000	0.0	24000.0	0.160_10_ELDON3_20250423_195702_1740.0s_1743.0s.wav	0
103	Waveform 1	1	306.000000000	309.000000000	0.0	24000.0	0.160_11_ELDON2_20250425_195902_2145.0s_2148.0s.wav	0
103	Spectrogram 1	1	306.000000000	309.000000000	0.0	24000.0	0.160_11_ELDON2_20250425_195902_2145.0s_2148.0s.wav	0
104	Waveform 1	1	309.000000000	312.000000000	0.0	24000.0	0.160_17_ELDON5_20250419_185300_2703.0s_2706.0s.wav	0
104	Spectrogram 1	1	309.000000000	312.000000000	0.0	24000.0	0.160_17_ELDON5_20250419_185300_2703.0s_2706.0s.wav	0
105	Waveform 1	1	312.000000000	315.000000000	0.0	24000.0	0.160_5_ELDON1_20250428_190200_534.0s_537.0s.wav	0
105	Spectrogram 1	1	312.000000000	315.000000000	0.0	24000.0	0.160_5_ELDON1_20250428_190200_534.0s_537.0s.wav	0
106	Waveform 1	1	315.000000000	318.000000000	0.0	24000.0	0.161_19_ELDON3_20250424_195802_330.0s_333.0s.wav	0
106	Spectrogram 1	1	315.000000000	318.000000000	0.0	24000.0	0.161_19_ELDON3_20250424_195802_330.0s_333.0s.wav	0
107	Waveform 1	1	318.000000000	321.000000000	0.0	24000.0	0.161_5_ELDON9_20250427_190100_1866.0s_1869.0s.wav	1
107	Spectrogram 1	1	318.000000000	321.000000000	0.0	24000.0	0.161_5_ELDON9_20250427_190100_1866.0s_1869.0s.wav	1
108	Waveform 1	1	321.000000000	324.000000000	0.0	24000.0	0.163_26_ELDON3_20250423_062502_48.0s_51.0s.wav	0
108	Spectrogram 1	1	321.000000000	324.000000000	0.0	24000.0	0.163_26_ELDON3_20250423_062502_48.0s_51.0s.wav	0
109	Waveform 1	1	324.000000000	327.000000000	0.0	24000.0	0.163_4_ELDON7_20250425_062302_1752.0s_1755.0s.wav	0
109	Spectrogram 1	1	324.000000000	327.000000000	0.0	24000.0	0.163_4_ELDON7_20250425_062302_1752.0s_1755.0s.wav	0
110	Waveform 1	1	327.000000000	330.000000000	0.0	24000.0	0.164_1_ELDON1_20250425_195902_1419.0s_1422.0s.wav	0
110	Spectrogram 1	1	327.000000000	330.000000000	0.0	24000.0	0.164_1_ELDON1_20250425_195902_1419.0s_1422.0s.wav	0
111	Waveform 1	1	330.000000000	333.000000000	0.0	24000.0	0.164_4_ELDON9_20250429_200302_2424.0s_2427.0s.wav	0
111	Spectrogram 1	1	330.000000000	333.000000000	0.0	24000.0	0.164_4_ELDON9_20250429_200302_2424.0s_2427.0s.wav	0
112	Waveform 1	1	333.000000000	336.000000000	0.0	24000.0	0.170_4_ELDON7_20250425_195902_3066.0s_3069.0s.wav	1
112	Spectrogram 1	1	333.000000000	336.000000000	0.0	24000.0	0.170_4_ELDON7_20250425_195902_3066.0s_3069.0s.wav	1
113	Waveform 1	1	336.000000000	339.000000000	0.0	24000.0	0.173_12_ELDON2_20250430_051600_2100.0s_2103.0s.wav	0
113	Spectrogram 1	1	336.000000000	339.000000000	0.0	24000.0	0.173_12_ELDON2_20250430_051600_2100.0s_2103.0s.wav	0
114	Waveform 1	1	339.000000000	342.000000000	0.0	24000.0	0.173_2_ELDON6_20250418_185200_2703.0s_2706.0s.wav	0
114	Spectrogram 1	1	339.000000000	342.000000000	0.0	24000.0	0.173_2_ELDON6_20250418_185200_2703.0s_2706.0s.wav	0
115	Waveform 1	1	342.000000000	345.000000000	0.0	24000.0	0.175_7_ELDON9_20250427_062002_888.0s_891.0s.wav	0
115	Spectrogram 1	1	342.000000000	345.000000000	0.0	24000.0	0.175_7_ELDON9_20250427_062002_888.0s_891.0s.wav	0
116	Waveform 1	1	345.000000000	348.000000000	0.0	24000.0	0.183_2_ELDON9_20250428_190200_2292.0s_2295.0s.wav	0
116	Spectrogram 1	1	345.000000000	348.000000000	0.0	24000.0	0.183_2_ELDON9_20250428_190200_2292.0s_2295.0s.wav	0
117	Waveform 1	1	348.000000000	351.000000000	0.0	24000.0	0.185_5_ELDON9_20250428_200202_723.0s_726.0s.wav	0
117	Spectrogram 1	1	348.000000000	351.000000000	0.0	24000.0	0.185_5_ELDON9_20250428_200202_723.0s_726.0s.wav	0
118	Waveform 1	1	351.000000000	354.000000000	0.0	24000.0	0.186_16_ELDON5_20250419_185300_3354.0s_3357.0s.wav	0
118	Spectrogram 1	1	351.000000000	354.000000000	0.0	24000.0	0.186_16_ELDON5_20250419_185300_3354.0s_3357.0s.wav	0
119	Waveform 1	1	354.000000000	357.000000000	0.0	24000.0	0.186_26_ELDON5_20250421_185500_828.0s_831.0s.wav	0
119	Spectrogram 1	1	354.000000000	357.000000000	0.0	24000.0	0.186_26_ELDON5_20250421_185500_828.0s_831.0s.wav	0
120	Waveform 1	1	357.000000000	360.000000000	0.0	24000.0	0.188_11_ELDON9_20250430_200402_1620.0s_1623.0s.wav	1
120	Spectrogram 1	1	357.000000000	360.000000000	0.0	24000.0	0.188_11_ELDON9_20250430_200402_1620.0s_1623.0s.wav	1
121	Waveform 1	1	360.000000000	363.000000000	0.0	24000.0	0.188_2_ELDON4_20250422_195602_198.0s_201.0s.wav	0
121	Spectrogram 1	1	360.000000000	363.000000000	0.0	24000.0	0.188_2_ELDON4_20250422_195602_198.0s_201.0s.wav	0
122	Waveform 1	1	363.000000000	366.000000000	0.0	24000.0	0.190_16_ELDON8_20250422_052700_3240.0s_3243.0s.wav	1
122	Spectrogram 1	1	363.000000000	366.000000000	0.0	24000.0	0.190_16_ELDON8_20250422_052700_3240.0s_3243.0s.wav	1
123	Waveform 1	1	366.000000000	369.000000000	0.0	24000.0	0.191_7_ELDON4_20250425_185900_624.0s_627.0s.wav	0
123	Spectrogram 1	1	366.000000000	369.000000000	0.0	24000.0	0.191_7_ELDON4_20250425_185900_624.0s_627.0s.wav	0
124	Waveform 1	1	369.000000000	372.000000000	0.0	24000.0	0.192_10_ELDON7_20250429_200302_3081.0s_3084.0s.wav	0
124	Spectrogram 1	1	369.000000000	372.000000000	0.0	24000.0	0.192_10_ELDON7_20250429_200302_3081.0s_3084.0s.wav	0
125	Waveform 1	1	372.000000000	375.000000000	0.0	24000.0	0.192_13_ELDON7_20250429_200302_2991.0s_2994.0s.wav	0
125	Spectrogram 1	1	372.000000000	375.000000000	0.0	24000.0	0.192_13_ELDON7_20250429_200302_2991.0s_2994.0s.wav	0
126	Waveform 1	1	375.000000000	378.000000000	0.0	24000.0	0.193_7_ELDON2_20250430_051600_2058.0s_2061.0s.wav	0
126	Spectrogram 1	1	375.000000000	378.000000000	0.0	24000.0	0.193_7_ELDON2_20250430_051600_2058.0s_2061.0s.wav	0
127	Waveform 1	1	378.000000000	381.000000000	0.0	24000.0	0.195_10_ELDON4_20250425_185900_687.0s_690.0s.wav	0
127	Spectrogram 1	1	378.000000000	381.000000000	0.0	24000.0	0.195_10_ELDON4_20250425_185900_687.0s_690.0s.wav	0
128	Waveform 1	1	381.000000000	384.000000000	0.0	24000.0	0.200_12_ELDON5_20250421_052800_2025.0s_2028.0s.wav	0
128	Spectrogram 1	1	381.000000000	384.000000000	0.0	24000.0	0.200_12_ELDON5_20250421_052800_2025.0s_2028.0s.wav	0
129	Waveform 1	1	384.000000000	387.000000000	0.0	24000.0	0.200_25_ELDON5_20250419_185300_2085.0s_2088.0s.wav	0
129	Spectrogram 1	1	384.000000000	387.000000000	0.0	24000.0	0.200_25_ELDON5_20250419_185300_2085.0s_2088.0s.wav	0
130	Waveform 1	1	387.000000000	390.000000000	0.0	24000.0	0.200_33_ELDON9_20250423_062502_1488.0s_1491.0s.wav	0
130	Spectrogram 1	1	387.000000000	390.000000000	0.0	24000.0	0.200_33_ELDON9_20250423_062502_1488.0s_1491.0s.wav	0
131	Waveform 1	1	390.000000000	393.000000000	0.0	24000.0	0.200_3_ELDON7_20250429_200302_2772.0s_2775.0s.wav	0
131	Spectrogram 1	1	390.000000000	393.000000000	0.0	24000.0	0.200_3_ELDON7_20250429_200302_2772.0s_2775.0s.wav	0
132	Waveform 1	1	393.000000000	396.000000000	0.0	24000.0	0.202_6_ELDON9_20250426_062102_3132.0s_3135.0s.wav	0
132	Spectrogram 1	1	393.000000000	396.000000000	0.0	24000.0	0.202_6_ELDON9_20250426_062102_3132.0s_3135.0s.wav	0
133	Waveform 1	1	396.000000000	399.000000000	0.0	24000.0	0.204_2_ELDON7_20250425_062302_1101.0s_1104.0s.wav	0
133	Spectrogram 1	1	396.000000000	399.000000000	0.0	24000.0	0.204_2_ELDON7_20250425_062302_1101.0s_1104.0s.wav	0
134	Waveform 1	1	399.000000000	402.000000000	0.0	24000.0	0.204_5_ELDON9_20250429_200302_2853.0s_2856.0s.wav	1
134	Spectrogram 1	1	399.000000000	402.000000000	0.0	24000.0	0.204_5_ELDON9_20250429_200302_2853.0s_2856.0s.wav	1
135	Waveform 1	1	402.000000000	405.000000000	0.0	24000.0	0.205_2_ELDON7_20250425_195902_1077.0s_1080.0s.wav	0
135	Spectrogram 1	1	402.000000000	405.000000000	0.0	24000.0	0.205_2_ELDON7_20250425_195902_1077.0s_1080.0s.wav	0
136	Waveform 1	1	405.000000000	408.000000000	0.0	24000.0	0.206_3_ELDON9_20250429_051800_747.0s_750.0s.wav	1
136	Spectrogram 1	1	405.000000000	408.000000000	0.0	24000.0	0.206_3_ELDON9_20250429_051800_747.0s_750.0s.wav	1
137	Waveform 1	1	408.000000000	411.000000000	0.0	24000.0	0.208_5_ELDON9_20250426_062102_306.0s_309.0s.wav	1
137	Spectrogram 1	1	408.000000000	411.000000000	0.0	24000.0	0.208_5_ELDON9_20250426_062102_306.0s_309.0s.wav	1
138	Waveform 1	1	411.000000000	414.000000000	0.0	24000.0	0.210_12_ELDON1_20250426_062102_213.0s_216.0s.wav	0
138	Spectrogram 1	1	411.000000000	414.000000000	0.0	24000.0	0.210_12_ELDON1_20250426_062102_213.0s_216.0s.wav	0
139	Waveform 1	1	414.000000000	417.000000000	0.0	24000.0	0.210_7_ELDON4_20250426_062102_1497.0s_1500.0s.wav	0
139	Spectrogram 1	1	414.000000000	417.000000000	0.0	24000.0	0.210_7_ELDON4_20250426_062102_1497.0s_1500.0s.wav	0
140	Waveform 1	1	417.000000000	420.000000000	0.0	24000.0	0.217_15_ELDON3_20250425_185900_687.0s_690.0s.wav	0
140	Spectrogram 1	1	417.000000000	420.000000000	0.0	24000.0	0.217_15_ELDON3_20250425_185900_687.0s_690.0s.wav	0
141	Waveform 1	1	420.000000000	423.000000000	0.0	24000.0	0.219_21_ELDON8_20250422_052700_3294.0s_3297.0s.wav	1
141	Spectrogram 1	1	420.000000000	423.000000000	0.0	24000.0	0.219_21_ELDON8_20250422_052700_3294.0s_3297.0s.wav	1
142	Waveform 1	1	423.000000000	426.000000000	0.0	24000.0	0.220_19_ELDON2_20250425_195902_1884.0s_1887.0s.wav	1
142	Spectrogram 1	1	423.000000000	426.000000000	0.0	24000.0	0.220_19_ELDON2_20250425_195902_1884.0s_1887.0s.wav	1
143	Waveform 1	1	426.000000000	429.000000000	0.0	24000.0	0.222_5_ELDON1_20250423_195702_291.0s_294.0s.wav	1
143	Spectrogram 1	1	426.000000000	429.000000000	0.0	24000.0	0.222_5_ELDON1_20250423_195702_291.0s_294.0s.wav	1
144	Waveform 1	1	429.000000000	432.000000000	0.0	24000.0	0.224_5_ELDON3_20250422_195602_165.0s_168.0s.wav	1
144	Spectrogram 1	1	429.000000000	432.000000000	0.0	24000.0	0.224_5_ELDON3_20250422_195602_165.0s_168.0s.wav	1
145	Waveform 1	1	432.000000000	435.000000000	0.0	24000.0	0.225_2_ELDON9_20250429_200302_2736.0s_2739.0s.wav	1
145	Spectrogram 1	1	432.000000000	435.000000000	0.0	24000.0	0.225_2_ELDON9_20250429_200302_2736.0s_2739.0s.wav	1
146	Waveform 1	1	435.000000000	438.000000000	0.0	24000.0	0.226_4_ELDON9_20250429_051800_348.0s_351.0s.wav	0
146	Spectrogram 1	1	435.000000000	438.000000000	0.0	24000.0	0.226_4_ELDON9_20250429_051800_348.0s_351.0s.wav	0
147	Waveform 1	1	438.000000000	441.000000000	0.0	24000.0	0.229_30_ELDON5_20250419_063102_144.0s_147.0s.wav	0
147	Spectrogram 1	1	438.000000000	441.000000000	0.0	24000.0	0.229_30_ELDON5_20250419_063102_144.0s_147.0s.wav	0
148	Waveform 1	1	441.000000000	444.000000000	0.0	24000.0	0.233_6_ELDON4_20250425_185900_696.0s_699.0s.wav	0
148	Spectrogram 1	1	441.000000000	444.000000000	0.0	24000.0	0.233_6_ELDON4_20250425_185900_696.0s_699.0s.wav	0
149	Waveform 1	1	444.000000000	447.000000000	0.0	24000.0	0.237_14_ELDON4_20250425_185900_597.0s_600.0s.wav	0
149	Spectrogram 1	1	444.000000000	447.000000000	0.0	24000.0	0.237_14_ELDON4_20250425_185900_597.0s_600.0s.wav	0
150	Waveform 1	1	447.000000000	450.000000000	0.0	24000.0	0.239_2_ELDON9_20250423_185700_846.0s_849.0s.wav	0
150	Spectrogram 1	1	447.000000000	450.000000000	0.0	24000.0	0.239_2_ELDON9_20250423_185700_846.0s_849.0s.wav	0
151	Waveform 1	1	450.000000000	453.000000000	0.0	24000.0	0.240_9_ELDON2_20250430_190400_2277.0s_2280.0s.wav	0
151	Spectrogram 1	1	450.000000000	453.000000000	0.0	24000.0	0.240_9_ELDON2_20250430_190400_2277.0s_2280.0s.wav	0
152	Waveform 1	1	453.000000000	456.000000000	0.0	24000.0	0.244_11_ELDON8_20250424_062402_531.0s_534.0s.wav	0
152	Spectrogram 1	1	453.000000000	456.000000000	0.0	24000.0	0.244_11_ELDON8_20250424_062402_531.0s_534.0s.wav	0
153	Waveform 1	1	456.000000000	457.897979167	0.0	24000.0	0.244_29_ELDON3_20250423_052500_3603.0s_3606.0s.wav	0
153	Spectrogram 1	1	456.000000000	457.897979167	0.0	24000.0	0.244_29_ELDON3_20250423_052500_3603.0s_3606.0s.wav	0
154	Waveform 1	1	457.897979167	460.897979167	0.0	24000.0	0.244_5_ELDON9_20250429_061802_375.0s_378.0s.wav	1
154	Spectrogram 1	1	457.897979167	460.897979167	0.0	24000.0	0.244_5_ELDON9_20250429_061802_375.0s_378.0s.wav	1
155	Waveform 1	1	460.897979167	463.897979167	0.0	24000.0	0.246_30_ELDON7_20250425_185900_1173.0s_1176.0s.wav	0
155	Spectrogram 1	1	460.897979167	463.897979167	0.0	24000.0	0.246_30_ELDON7_20250425_185900_1173.0s_1176.0s.wav	0
156	Waveform 1	1	463.897979167	466.897979167	0.0	24000.0	0.247_6_ELDON7_20250429_200302_2457.0s_2460.0s.wav	0
156	Spectrogram 1	1	463.897979167	466.897979167	0.0	24000.0	0.247_6_ELDON7_20250429_200302_2457.0s_2460.0s.wav	0
157	Waveform 1	1	466.897979167	469.897979167	0.0	24000.0	0.250_14_ELDON1_20250423_185700_3489.0s_3492.0s.wav	0
157	Spectrogram 1	1	466.897979167	469.897979167	0.0	24000.0	0.250_14_ELDON1_20250423_185700_3489.0s_3492.0s.wav	0
158	Waveform 1	1	469.897979167	472.897979167	0.0	24000.0	0.259_19_ELDON3_20250425_185900_2679.0s_2682.0s.wav	1
158	Spectrogram 1	1	469.897979167	472.897979167	0.0	24000.0	0.259_19_ELDON3_20250425_185900_2679.0s_2682.0s.wav	1
159	Waveform 1	1	472.897979167	475.897979167	0.0	24000.0	0.261_28_ELDON5_20250421_185500_774.0s_777.0s.wav	1
159	Spectrogram 1	1	472.897979167	475.897979167	0.0	24000.0	0.261_28_ELDON5_20250421_185500_774.0s_777.0s.wav	1
160	Waveform 1	1	475.897979167	478.897979167	0.0	24000.0	0.262_14_ELDON1_20250428_061902_3213.0s_3216.0s.wav	0
160	Spectrogram 1	1	475.897979167	478.897979167	0.0	24000.0	0.262_14_ELDON1_20250428_061902_3213.0s_3216.0s.wav	0
161	Waveform 1	1	478.897979167	481.897979167	0.0	24000.0	0.263_34_ELDON9_20250423_062502_2988.0s_2991.0s.wav	1
161	Spectrogram 1	1	478.897979167	481.897979167	0.0	24000.0	0.263_34_ELDON9_20250423_062502_2988.0s_2991.0s.wav	1
162	Waveform 1	1	481.897979167	484.897979167	0.0	24000.0	0.267_20_ELDON3_20250425_185900_648.0s_651.0s.wav	1
162	Spectrogram 1	1	481.897979167	484.897979167	0.0	24000.0	0.267_20_ELDON3_20250425_185900_648.0s_651.0s.wav	1
163	Waveform 1	1	484.897979167	487.897979167	0.0	24000.0	0.269_16_ELDON6_20250423_185700_3360.0s_3363.0s.wav	0
163	Spectrogram 1	1	484.897979167	487.897979167	0.0	24000.0	0.269_16_ELDON6_20250423_185700_3360.0s_3363.0s.wav	0
164	Waveform 1	1	487.897979167	490.897979167	0.0	24000.0	0.271_25_ELDON6_20250419_185300_2079.0s_2082.0s.wav	0
164	Spectrogram 1	1	487.897979167	490.897979167	0.0	24000.0	0.271_25_ELDON6_20250419_185300_2079.0s_2082.0s.wav	0
165	Waveform 1	1	490.897979167	493.897979167	0.0	24000.0	0.273_10_ELDON2_20250425_195902_3132.0s_3135.0s.wav	0
165	Spectrogram 1	1	490.897979167	493.897979167	0.0	24000.0	0.273_10_ELDON2_20250425_195902_3132.0s_3135.0s.wav	0
166	Waveform 1	1	493.897979167	496.897979167	0.0	24000.0	0.278_3_ELDON9_20250430_061602_2487.0s_2490.0s.wav	0
166	Spectrogram 1	1	493.897979167	496.897979167	0.0	24000.0	0.278_3_ELDON9_20250430_061602_2487.0s_2490.0s.wav	0
167	Waveform 1	1	496.897979167	499.897979167	0.0	24000.0	0.281_22_ELDON8_20250424_062402_2988.0s_2991.0s.wav	1
167	Spectrogram 1	1	496.897979167	499.897979167	0.0	24000.0	0.281_22_ELDON8_20250424_062402_2988.0s_2991.0s.wav	1
168	Waveform 1	1	499.897979167	502.897979167	0.0	24000.0	0.288_32_ELDON7_20250425_185900_1878.0s_1881.0s.wav	0
168	Spectrogram 1	1	499.897979167	502.897979167	0.0	24000.0	0.288_32_ELDON7_20250425_185900_1878.0s_1881.0s.wav	0
169	Waveform 1	1	502.897979167	505.897979167	0.0	24000.0	0.299_7_ELDON7_20250422_185600_1944.0s_1947.0s.wav	1
169	Spectrogram 1	1	502.897979167	505.897979167	0.0	24000.0	0.299_7_ELDON7_20250422_185600_1944.0s_1947.0s.wav	1
170	Waveform 1	1	505.897979167	508.897979167	0.0	24000.0	0.311_18_ELDON2_20250425_195902_2319.0s_2322.0s.wav	0
170	Spectrogram 1	1	505.897979167	508.897979167	0.0	24000.0	0.311_18_ELDON2_20250425_195902_2319.0s_2322.0s.wav	0
171	Waveform 1	1	508.897979167	511.897979167	0.0	24000.0	0.314_8_ELDON3_20250422_185600_1932.0s_1935.0s.wav	0
171	Spectrogram 1	1	508.897979167	511.897979167	0.0	24000.0	0.314_8_ELDON3_20250422_185600_1932.0s_1935.0s.wav	0
172	Waveform 1	1	511.897979167	514.897979167	0.0	24000.0	0.325_29_ELDON5_20250421_185500_705.0s_708.0s.wav	1
172	Spectrogram 1	1	511.897979167	514.897979167	0.0	24000.0	0.325_29_ELDON5_20250421_185500_705.0s_708.0s.wav	1
173	Waveform 1	1	514.897979167	517.897979167	0.0	24000.0	0.326_3_ELDON7_20250425_195902_2691.0s_2694.0s.wav	0
173	Spectrogram 1	1	514.897979167	517.897979167	0.0	24000.0	0.326_3_ELDON7_20250425_195902_2691.0s_2694.0s.wav	0
174	Waveform 1	1	517.897979167	520.897979167	0.0	24000.0	0.328_15_ELDON8_20250422_052700_3159.0s_3162.0s.wav	1
174	Spectrogram 1	1	517.897979167	520.897979167	0.0	24000.0	0.328_15_ELDON8_20250422_052700_3159.0s_3162.0s.wav	1
175	Waveform 1	1	520.897979167	523.897979167	0.0	24000.0	0.330_8_ELDON7_20250425_062302_840.0s_843.0s.wav	1
175	Spectrogram 1	1	520.897979167	523.897979167	0.0	24000.0	0.330_8_ELDON7_20250425_062302_840.0s_843.0s.wav	1
176	Waveform 1	1	523.897979167	526.897979167	0.0	24000.0	0.332_21_ELDON5_20250419_185300_2721.0s_2724.0s.wav	1
176	Spectrogram 1	1	523.897979167	526.897979167	0.0	24000.0	0.332_21_ELDON5_20250419_185300_2721.0s_2724.0s.wav	1
177	Waveform 1	1	526.897979167	529.897979167	0.0	24000.0	0.335_4_ELDON9_20250428_190200_1761.0s_1764.0s.wav	1
177	Spectrogram 1	1	526.897979167	529.897979167	0.0	24000.0	0.335_4_ELDON9_20250428_190200_1761.0s_1764.0s.wav	1
178	Waveform 1	1	529.897979167	532.897979167	0.0	24000.0	0.336_9_ELDON7_20250429_200302_3156.0s_3159.0s.wav	0
178	Spectrogram 1	1	529.897979167	532.897979167	0.0	24000.0	0.336_9_ELDON7_20250429_200302_3156.0s_3159.0s.wav	0
179	Waveform 1	1	532.897979167	535.897979167	0.0	24000.0	0.337_9_ELDON4_20250425_185900_690.0s_693.0s.wav	1
179	Spectrogram 1	1	532.897979167	535.897979167	0.0	24000.0	0.337_9_ELDON4_20250425_185900_690.0s_693.0s.wav	1
180	Waveform 1	1	535.897979167	538.897979167	0.0	24000.0	0.342_31_ELDON5_20250420_185400_3456.0s_3459.0s.wav	1
180	Spectrogram 1	1	535.897979167	538.897979167	0.0	24000.0	0.342_31_ELDON5_20250420_185400_3456.0s_3459.0s.wav	1
181	Waveform 1	1	538.897979167	541.897979167	0.0	24000.0	0.352_24_ELDON5_20250419_185300_2604.0s_2607.0s.wav	1
181	Spectrogram 1	1	538.897979167	541.897979167	0.0	24000.0	0.352_24_ELDON5_20250419_185300_2604.0s_2607.0s.wav	1
182	Waveform 1	1	541.897979167	544.897979167	0.0	24000.0	0.356_7_ELDON7_20250423_185700_1311.0s_1314.0s.wav	1
182	Spectrogram 1	1	541.897979167	544.897979167	0.0	24000.0	0.356_7_ELDON7_20250423_185700_1311.0s_1314.0s.wav	1
183	Waveform 1	1	544.897979167	547.897979167	0.0	24000.0	0.388_15_ELDON1_20250423_185700_993.0s_996.0s.wav	0
183	Spectrogram 1	1	544.897979167	547.897979167	0.0	24000.0	0.388_15_ELDON1_20250423_185700_993.0s_996.0s.wav	0
184	Waveform 1	1	547.897979167	550.897979167	0.0	24000.0	0.399_15_ELDON1_20250425_185900_1521.0s_1524.0s.wav	0
184	Spectrogram 1	1	547.897979167	550.897979167	0.0	24000.0	0.399_15_ELDON1_20250425_185900_1521.0s_1524.0s.wav	0
185	Waveform 1	1	550.897979167	553.897979167	0.0	24000.0	0.406_22_ELDON6_20250419_185300_3138.0s_3141.0s.wav	1
185	Spectrogram 1	1	550.897979167	553.897979167	0.0	24000.0	0.406_22_ELDON6_20250419_185300_3138.0s_3141.0s.wav	1
186	Waveform 1	1	553.897979167	556.897979167	0.0	24000.0	0.410_12_ELDON4_20250425_185900_579.0s_582.0s.wav	1
186	Spectrogram 1	1	553.897979167	556.897979167	0.0	24000.0	0.410_12_ELDON4_20250425_185900_579.0s_582.0s.wav	1
187	Waveform 1	1	556.897979167	559.897979167	0.0	24000.0	0.414_5_ELDON4_20250425_185900_693.0s_696.0s.wav	1
187	Spectrogram 1	1	556.897979167	559.897979167	0.0	24000.0	0.414_5_ELDON4_20250425_185900_693.0s_696.0s.wav	1
188	Waveform 1	1	559.897979167	562.897979167	0.0	24000.0	0.427_1_ELDON9_20250429_200302_3240.0s_3243.0s.wav	1
188	Spectrogram 1	1	559.897979167	562.897979167	0.0	24000.0	0.427_1_ELDON9_20250429_200302_3240.0s_3243.0s.wav	1
189	Waveform 1	1	562.897979167	565.897979167	0.0	24000.0	0.428_23_ELDON6_20250419_185300_2088.0s_2091.0s.wav	1
189	Spectrogram 1	1	562.897979167	565.897979167	0.0	24000.0	0.428_23_ELDON6_20250419_185300_2088.0s_2091.0s.wav	1
190	Waveform 1	1	565.897979167	568.897979167	0.0	24000.0	0.430_13_ELDON4_20250430_190400_810.0s_813.0s.wav	1
190	Spectrogram 1	1	565.897979167	568.897979167	0.0	24000.0	0.430_13_ELDON4_20250430_190400_810.0s_813.0s.wav	1
191	Waveform 1	1	568.897979167	571.897979167	0.0	24000.0	0.432_21_ELDON3_20250425_185900_621.0s_624.0s.wav	0
191	Spectrogram 1	1	568.897979167	571.897979167	0.0	24000.0	0.432_21_ELDON3_20250425_185900_621.0s_624.0s.wav	0
192	Waveform 1	1	571.897979167	574.897979167	0.0	24000.0	0.445_20_ELDON8_20250424_052400_1815.0s_1818.0s.wav	1
192	Spectrogram 1	1	571.897979167	574.897979167	0.0	24000.0	0.445_20_ELDON8_20250424_052400_1815.0s_1818.0s.wav	1
193	Waveform 1	1	574.897979167	577.897979167	0.0	24000.0	0.453_13_ELDON1_20250425_185900_1485.0s_1488.0s.wav	1
193	Spectrogram 1	1	574.897979167	577.897979167	0.0	24000.0	0.453_13_ELDON1_20250425_185900_1485.0s_1488.0s.wav	1
194	Waveform 1	1	577.897979167	580.897979167	0.0	24000.0	0.455_2_ELDON2_20250428_190200_1659.0s_1662.0s.wav	0
194	Spectrogram 1	1	577.897979167	580.897979167	0.0	24000.0	0.455_2_ELDON2_20250428_190200_1659.0s_1662.0s.wav	0
195	Waveform 1	1	580.897979167	583.897979167	0.0	24000.0	0.458_14_ELDON1_20250425_185900_1518.0s_1521.0s.wav	0
195	Spectrogram 1	1	580.897979167	583.897979167	0.0	24000.0	0.458_14_ELDON1_20250425_185900_1518.0s_1521.0s.wav	0
196	Waveform 1	1	583.897979167	586.897979167	0.0	24000.0	0.461_8_ELDON7_20250422_185600_2022.0s_2025.0s.wav	1
196	Spectrogram 1	1	583.897979167	586.897979167	0.0	24000.0	0.461_8_ELDON7_20250422_185600_2022.0s_2025.0s.wav	1
197	Waveform 1	1	586.897979167	589.897979167	0.0	24000.0	0.466_23_ELDON5_20250419_185300_2709.0s_2712.0s.wav	1
197	Spectrogram 1	1	586.897979167	589.897979167	0.0	24000.0	0.466_23_ELDON5_20250419_185300_2709.0s_2712.0s.wav	1
198	Waveform 1	1	589.897979167	592.897979167	0.0	24000.0	0.472_8_ELDON4_20250425_185900_576.0s_579.0s.wav	0
198	Spectrogram 1	1	589.897979167	592.897979167	0.0	24000.0	0.472_8_ELDON4_20250425_185900_576.0s_579.0s.wav	0
199	Waveform 1	1	592.897979167	595.897979167	0.0	24000.0	0.479_12_ELDON7_20250424_052400_3102.0s_3105.0s.wav	1
199	Spectrogram 1	1	592.897979167	595.897979167	0.0	24000.0	0.479_12_ELDON7_20250424_052400_3102.0s_3105.0s.wav	1
200	Waveform 1	1	595.897979167	598.897979167	0.0	24000.0	0.488_10_ELDON8_20250427_190100_210.0s_213.0s.wav	1
200	Spectrogram 1	1	595.897979167	598.897979167	0.0	24000.0	0.488_10_ELDON8_20250427_190100_210.0s_213.0s.wav	1
201	Waveform 1	1	598.897979167	601.897979167	0.0	24000.0	0.489_3_ELDON6_20250418_185200_2700.0s_2703.0s.wav	1
201	Spectrogram 1	1	598.897979167	601.897979167	0.0	24000.0	0.489_3_ELDON6_20250418_185200_2700.0s_2703.0s.wav	1
202	Waveform 1	1	601.897979167	604.897979167	0.0	24000.0	0.506_31_ELDON7_20250425_185900_309.0s_312.0s.wav	1
202	Spectrogram 1	1	601.897979167	604.897979167	0.0	24000.0	0.506_31_ELDON7_20250425_185900_309.0s_312.0s.wav	1
203	Waveform 1	1	604.897979167	607.897979167	0.0	24000.0	0.512_4_ELDON3_20250422_195602_183.0s_186.0s.wav	1
203	Spectrogram 1	1	604.897979167	607.897979167	0.0	24000.0	0.512_4_ELDON3_20250422_195602_183.0s_186.0s.wav	1
204	Waveform 1	1	607.897979167	610.897979167	0.0	24000.0	0.517_7_ELDON1_20250423_195702_1185.0s_1188.0s.wav	1
204	Spectrogram 1	1	607.897979167	610.897979167	0.0	24000.0	0.517_7_ELDON1_20250423_195702_1185.0s_1188.0s.wav	1
205	Waveform 1	1	610.897979167	613.897979167	0.0	24000.0	0.532_21_ELDON6_20250419_185300_2058.0s_2061.0s.wav	1
205	Spectrogram 1	1	610.897979167	613.897979167	0.0	24000.0	0.532_21_ELDON6_20250419_185300_2058.0s_2061.0s.wav	1
206	Waveform 1	1	613.897979167	616.897979167	0.0	24000.0	0.551_3_ELDON7_20250425_062302_1086.0s_1089.0s.wav	1
206	Spectrogram 1	1	613.897979167	616.897979167	0.0	24000.0	0.551_3_ELDON7_20250425_062302_1086.0s_1089.0s.wav	1
207	Waveform 1	1	616.897979167	619.897979167	0.0	24000.0	0.586_11_ELDON4_20250425_185900_594.0s_597.0s.wav	1
207	Spectrogram 1	1	616.897979167	619.897979167	0.0	24000.0	0.586_11_ELDON4_20250425_185900_594.0s_597.0s.wav	1
208	Waveform 1	1	619.897979167	622.897979167	0.0	24000.0	0.599_7_ELDON8_20250427_190100_690.0s_693.0s.wav	1
208	Spectrogram 1	1	619.897979167	622.897979167	0.0	24000.0	0.599_7_ELDON8_20250427_190100_690.0s_693.0s.wav	1
209	Waveform 1	1	622.897979167	625.897979167	0.0	24000.0	0.621_9_ELDON8_20250428_190200_1752.0s_1755.0s.wav	1
209	Spectrogram 1	1	622.897979167	625.897979167	0.0	24000.0	0.621_9_ELDON8_20250428_190200_1752.0s_1755.0s.wav	1
210	Waveform 1	1	625.897979167	628.897979167	0.0	24000.0	0.630_32_ELDON2_20250425_195902_1164.0s_1167.0s.wav	1
210	Spectrogram 1	1	625.897979167	628.897979167	0.0	24000.0	0.630_32_ELDON2_20250425_195902_1164.0s_1167.0s.wav	1
211	Waveform 1	1	628.897979167	631.897979167	0.0	24000.0	0.654_15_ELDON8_20250424_052400_1983.0s_1986.0s.wav	1
211	Spectrogram 1	1	628.897979167	631.897979167	0.0	24000.0	0.654_15_ELDON8_20250424_052400_1983.0s_1986.0s.wav	1
212	Waveform 1	1	631.897979167	634.897979167	0.0	24000.0	0.674_8_ELDON9_20250422_185600_1386.0s_1389.0s.wav	1
212	Spectrogram 1	1	631.897979167	634.897979167	0.0	24000.0	0.674_8_ELDON9_20250422_185600_1386.0s_1389.0s.wav	1
213	Waveform 1	1	634.897979167	637.897979167	0.0	24000.0	0.679_12_ELDON8_20250427_190100_189.0s_192.0s.wav	1
213	Spectrogram 1	1	634.897979167	637.897979167	0.0	24000.0	0.679_12_ELDON8_20250427_190100_189.0s_192.0s.wav	1
214	Waveform 1	1	637.897979167	640.897979167	0.0	24000.0	0.685_30_ELDON5_20250420_185400_1413.0s_1416.0s.wav	1
214	Spectrogram 1	1	637.897979167	640.897979167	0.0	24000.0	0.685_30_ELDON5_20250420_185400_1413.0s_1416.0s.wav	1
215	Waveform 1	1	640.897979167	643.897979167	0.0	24000.0	0.692_16_ELDON8_20250427_190100_231.0s_234.0s.wav	1
215	Spectrogram 1	1	640.897979167	643.897979167	0.0	24000.0	0.692_16_ELDON8_20250427_190100_231.0s_234.0s.wav	1
216	Waveform 1	1	643.897979167	646.897979167	0.0	24000.0	0.704_10_ELDON7_20250426_062102_237.0s_240.0s.wav	1
216	Spectrogram 1	1	643.897979167	646.897979167	0.0	24000.0	0.704_10_ELDON7_20250426_062102_237.0s_240.0s.wav	1
217	Waveform 1	1	646.897979167	649.897979167	0.0	24000.0	0.708_4_ELDON4_20250425_185900_651.0s_654.0s.wav	1
217	Spectrogram 1	1	646.897979167	649.897979167	0.0	24000.0	0.708_4_ELDON4_20250425_185900_651.0s_654.0s.wav	1
218	Waveform 1	1	649.897979167	652.897979167	0.0	24000.0	0.724_17_ELDON8_20250422_052700_3330.0s_3333.0s.wav	1
218	Spectrogram 1	1	649.897979167	652.897979167	0.0	24000.0	0.724_17_ELDON8_20250422_052700_3330.0s_3333.0s.wav	1
219	Waveform 1	1	652.897979167	655.897979167	0.0	24000.0	0.747_32_ELDON5_20250420_185400_1407.0s_1410.0s.wav	1
219	Spectrogram 1	1	652.897979167	655.897979167	0.0	24000.0	0.747_32_ELDON5_20250420_185400_1407.0s_1410.0s.wav	1
220	Waveform 1	1	655.897979167	658.897979167	0.0	24000.0	0.785_29_ELDON5_20250420_185400_1410.0s_1413.0s.wav	1
220	Spectrogram 1	1	655.897979167	658.897979167	0.0	24000.0	0.785_29_ELDON5_20250420_185400_1410.0s_1413.0s.wav	1
221	Waveform 1	1	658.897979167	661.897979167	0.0	24000.0	0.815_13_ELDON8_20250427_190100_648.0s_651.0s.wav	1
221	Spectrogram 1	1	658.897979167	661.897979167	0.0	24000.0	0.815_13_ELDON8_20250427_190100_648.0s_651.0s.wav	1
222	Waveform 1	1	661.897979167	664.897979167	0.0	24000.0	0.893_10_ELDON9_20250422_185600_1944.0s_1947.0s.wav	1
222	Spectrogram 1	1	661.897979167	664.897979167	0.0	24000.0	0.893_10_ELDON9_20250422_185600_1944.0s_1947.0s.wav	1
223	Waveform 1	1	664.897979167	667.897979167	0.0	24000.0	0.931_6_ELDON9_20250429_200302_1209.0s_1212.0s.wav	1
223	Spectrogram 1	1	664.897979167	667.897979167	0.0	24000.0	0.931_6_ELDON9_20250429_200302_1209.0s_1212.0s.wav	1
224	Waveform 1	1	667.897979167	670.897979167	0.0	24000.0	0.936_14_ELDON8_20250427_190100_600.0s_603.0s.wav	1
224	Spectrogram 1	1	667.897979167	670.897979167	0.0	24000.0	0.936_14_ELDON8_20250427_190100_600.0s_603.0s.wav	1
