Start (s),End (s),Scientific name,Common name,Confidence,File
3.0,6.0,Sturnella magna,Eastern Meadowlark,0.0305,D:/AcousticMonitoringData/ELDON2_Data/Week19\ELDON2_20250515_060102.wav
9.0,12.0,Sturnella magna,Eastern Meadowlark,0.3788,D:/AcousticMonitoringData/ELDON2_Data/Week19\ELDON2_20250515_060102.wav
12.0,15.0,Sturnella magna,Eastern Meadowlark,0.0276,D:/AcousticMonitoringData/ELDON2_Data/Week19\ELDON2_20250515_060102.wav
12.0,15.0,Spizella pusilla,Field Sparrow,0.0142,D:/AcousticMonitoringData/ELDON2_Data/Week19\ELDON2_20250515_060102.wav
15.0,18.0,Sturnella magna,Eastern Meadowlark,0.2726,D:/AcousticMonitoringData/ELDON2_Data/Week19\ELDON2_20250515_060102.wav
15.0,18.0,Bartramia longicauda,Upland Sandpiper,0.0333,D:/AcousticMonitoringData/ELDON2_Data/Week19\ELDON2_20250515_060102.wav
18.0,21.0,Sturnella magna,Eastern Meadowlark,0.0142,D:/AcousticMonitoringData/ELDON2_Data/Week19\ELDON2_20250515_060102.wav
24.0,27.0,Sturnella magna,Eastern Meadowlark,0.0298,D:/AcousticMonitoringData/ELDON2_Data/Week19\ELDON2_20250515_060102.wav
27.0,30.0,Sturnella magna,Eastern Meadowlark,0.1435,D:/AcousticMonitoringData/ELDON2_Data/Week19\ELDON2_20250515_060102.wav
30.0,33.0,Sturnella magna,Eastern Meadowlark,0.6524,D:/AcousticMonitoringData/ELDON2_Data/Week19\ELDON2_20250515_060102.wav
30.0,33.0,Geothlypis trichas,Common Yellowthroat,0.0100,D:/AcousticMonitoringData/ELDON2_Data/Week19\ELDON2_20250515_060102.wav
42.0,45.0,Sturnella magna,Eastern Meadowlark,0.0625,D:/AcousticMonitoringData/ELDON2_Data/Week19\ELDON2_20250515_060102.wav
42.0,45.0,Bartramia longicauda,Upland Sandpiper,0.0192,D:/AcousticMonitoringData/ELDON2_Data/Week19\ELDON2_20250515_060102.wav
54.0,57.0,Sturnella magna,Eastern Meadowlark,0.0841,D:/AcousticMonitoringData/ELDON2_Data/Week19\ELDON2_20250515_060102.wav
54.0,57.0,Bartramia longicauda,Upland Sandpiper,0.0143,D:/AcousticMonitoringData/ELDON2_Data/Week19\ELDON2_20250515_060102.wav
60.0,63.0,Sturnella magna,Eastern Meadowlark,0.3811,D:/AcousticMonitoringData/ELDON2_Data/Week19\ELDON2_20250515_060102.wav
60.0,63.0,Bartramia longicauda,Upland Sandpiper,0.0117,D:/AcousticMonitoringData/ELDON2_Data/Week19\ELDON2_20250515_060102.wav
63.0,66.0,Sturnella magna,Eastern Meadowlark,0.1956,D:/AcousticMonitoringData/ELDON2_Data/Week19\ELDON2_20250515_060102.wav
63.0,66.0,Bartramia longicauda,Upland Sandpiper,0.0148,D:/AcousticMonitoringData/ELDON2_Data/Week19\ELDON2_20250515_060102.wav
66.0,69.0,Sturnella magna,Eastern Meadowlark,0.1369,D:/AcousticMonitoringData/ELDON2_Data/Week19\ELDON2_20250515_060102.wav
69.0,72.0,Sturnella magna,Eastern Meadowlark,0.0283,D:/AcousticMonitoringData/ELDON2_Data/Week19\ELDON2_20250515_060102.wav
75.0,78.0,Sturnella magna,Eastern Meadowlark,0.1581,D:/AcousticMonitoringData/ELDON2_Data/Week19\ELDON2_20250515_060102.wav
84.0,87.0,Sturnella magna,Eastern Meadowlark,0.0728,D:/AcousticMonitoringData/ELDON2_Data/Week19\ELDON2_20250515_060102.wav
84.0,87.0,Bartramia longicauda,Upland Sandpiper,0.0293,D:/AcousticMonitoringData/ELDON2_Data/Week19\ELDON2_20250515_060102.wav
90.0,93.0,Sturnella magna,Eastern Meadowlark,0.0399,D:/AcousticMonitoringData/ELDON2_Data/Week19\ELDON2_20250515_060102.wav
90.0,93.0,Bartramia longicauda,Upland Sandpiper,0.0330,D:/AcousticMonitoringData/ELDON2_Data/Week19\ELDON2_20250515_060102.wav
93.0,96.0,Sturnella magna,Eastern Meadowlark,0.0558,D:/AcousticMonitoringData/ELDON2_Data/Week19\ELDON2_20250515_060102.wav
99.0,102.0,Sturnella magna,Eastern Meadowlark,0.3000,D:/AcousticMonitoringData/ELDON2_Data/Week19\ELDON2_20250515_060102.wav
99.0,102.0,Bartramia longicauda,Upland Sandpiper,0.0194,D:/AcousticMonitoringData/ELDON2_Data/Week19\ELDON2_20250515_060102.wav
105.0,108.0,Bartramia longicauda,Upland Sandpiper,0.0228,D:/AcousticMonitoringData/ELDON2_Data/Week19\ELDON2_20250515_060102.wav
105.0,108.0,Sturnella magna,Eastern Meadowlark,0.0193,D:/AcousticMonitoringData/ELDON2_Data/Week19\ELDON2_20250515_060102.wav
114.0,117.0,Sturnella magna,Eastern Meadowlark,0.0580,D:/AcousticMonitoringData/ELDON2_Data/Week19\ELDON2_20250515_060102.wav
120.0,123.0,Sturnella magna,Eastern Meadowlark,0.0513,D:/AcousticMonitoringData/ELDON2_Data/Week19\ELDON2_20250515_060102.wav
120.0,123.0,Geothlypis trichas,Common Yellowthroat,0.0233,D:/AcousticMonitoringData/ELDON2_Data/Week19\ELDON2_20250515_060102.wav
120.0,123.0,Melospiza melodia,Song Sparrow,0.0142,D:/AcousticMonitoringData/ELDON2_Data/Week19\ELDON2_20250515_060102.wav
123.0,126.0,Sturnella magna,Eastern Meadowlark,0.0249,D:/AcousticMonitoringData/ELDON2_Data/Week19\ELDON2_20250515_060102.wav
126.0,129.0,Sturnella magna,Eastern Meadowlark,0.2947,D:/AcousticMonitoringData/ELDON2_Data/Week19\ELDON2_20250515_060102.wav
126.0,129.0,Geothlypis trichas,Common Yellowthroat,0.0569,D:/AcousticMonitoringData/ELDON2_Data/Week19\ELDON2_20250515_060102.wav
126.0,129.0,Melospiza melodia,Song Sparrow,0.0200,D:/AcousticMonitoringData/ELDON2_Data/Week19\ELDON2_20250515_060102.wav
129.0,132.0,Sturnella magna,Eastern Meadowlark,0.0535,D:/AcousticMonitoringData/ELDON2_Data/Week19\ELDON2_20250515_060102.wav
129.0,132.0,Spizella pusilla,Field Sparrow,0.0189,D:/AcousticMonitoringData/ELDON2_Data/Week19\ELDON2_20250515_060102.wav
129.0,132.0,Geothlypis trichas,Common Yellowthroat,0.0153,D:/AcousticMonitoringData/ELDON2_Data/Week19\ELDON2_20250515_060102.wav
132.0,135.0,Sturnella magna,Eastern Meadowlark,0.4862,D:/AcousticMonitoringData/ELDON2_Data/Week19\ELDON2_20250515_060102.wav
132.0,135.0,Geothlypis trichas,Common Yellowthroat,0.0455,D:/AcousticMonitoringData/ELDON2_Data/Week19\ELDON2_20250515_060102.wav
135.0,138.0,Sturnella magna,Eastern Meadowlark,0.1734,D:/AcousticMonitoringData/ELDON2_Data/Week19\ELDON2_20250515_060102.wav
135.0,138.0,Bartramia longicauda,Upland Sandpiper,0.0113,D:/AcousticMonitoringData/ELDON2_Data/Week19\ELDON2_20250515_060102.wav
141.0,144.0,Sturnella magna,Eastern Meadowlark,0.1869,D:/AcousticMonitoringData/ELDON2_Data/Week19\ELDON2_20250515_060102.wav
141.0,144.0,Bartramia longicauda,Upland Sandpiper,0.0187,D:/AcousticMonitoringData/ELDON2_Data/Week19\ELDON2_20250515_060102.wav
144.0,147.0,Sturnella magna,Eastern Meadowlark,0.1549,D:/AcousticMonitoringData/ELDON2_Data/Week19\ELDON2_20250515_060102.wav
144.0,147.0,Bartramia longicauda,Upland Sandpiper,0.0219,D:/AcousticMonitoringData/ELDON2_Data/Week19\ELDON2_20250515_060102.wav
144.0,147.0,Eremophila alpestris,Horned Lark,0.0144,D:/AcousticMonitoringData/ELDON2_Data/Week19\ELDON2_20250515_060102.wav
144.0,147.0,Spizella pusilla,Field Sparrow,0.0112,D:/AcousticMonitoringData/ELDON2_Data/Week19\ELDON2_20250515_060102.wav
147.0,150.0,Geothlypis trichas,Common Yellowthroat,0.0364,D:/AcousticMonitoringData/ELDON2_Data/Week19\ELDON2_20250515_060102.wav
150.0,153.0,Sturnella magna,Eastern Meadowlark,0.2219,D:/AcousticMonitoringData/ELDON2_Data/Week19\ELDON2_20250515_060102.wav
153.0,156.0,Geothlypis trichas,Common Yellowthroat,0.0522,D:/AcousticMonitoringData/ELDON2_Data/Week19\ELDON2_20250515_060102.wav
156.0,159.0,Sturnella magna,Eastern Meadowlark,0.0453,D:/AcousticMonitoringData/ELDON2_Data/Week19\ELDON2_20250515_060102.wav
159.0,162.0,Sturnella magna,Eastern Meadowlark,0.0830,D:/AcousticMonitoringData/ELDON2_Data/Week19\ELDON2_20250515_060102.wav
159.0,162.0,Geothlypis trichas,Common Yellowthroat,0.0162,D:/AcousticMonitoringData/ELDON2_Data/Week19\ELDON2_20250515_060102.wav
162.0,165.0,Sturnella magna,Eastern Meadowlark,0.7574,D:/AcousticMonitoringData/ELDON2_Data/Week19\ELDON2_20250515_060102.wav
162.0,165.0,Bartramia longicauda,Upland Sandpiper,0.0115,D:/AcousticMonitoringData/ELDON2_Data/Week19\ELDON2_20250515_060102.wav
168.0,171.0,Sturnella magna,Eastern Meadowlark,0.0791,D:/AcousticMonitoringData/ELDON2_Data/Week19\ELDON2_20250515_060102.wav
171.0,174.0,Sturnella magna,Eastern Meadowlark,0.0815,D:/AcousticMonitoringData/ELDON2_Data/Week19\ELDON2_20250515_060102.wav
174.0,177.0,Geothlypis trichas,Common Yellowthroat,0.0279,D:/AcousticMonitoringData/ELDON2_Data/Week19\ELDON2_20250515_060102.wav
177.0,180.0,Sturnella magna,Eastern Meadowlark,0.2102,D:/AcousticMonitoringData/ELDON2_Data/Week19\ELDON2_20250515_060102.wav
180.0,183.0,Sturnella magna,Eastern Meadowlark,0.3848,D:/AcousticMonitoringData/ELDON2_Data/Week19\ELDON2_20250515_060102.wav
183.0,186.0,Sturnella magna,Eastern Meadowlark,0.0244,D:/AcousticMonitoringData/ELDON2_Data/Week19\ELDON2_20250515_060102.wav
186.0,189.0,Geothlypis trichas,Common Yellowthroat,0.0313,D:/AcousticMonitoringData/ELDON2_Data/Week19\ELDON2_20250515_060102.wav
189.0,192.0,Sturnella magna,Eastern Meadowlark,0.1249,D:/AcousticMonitoringData/ELDON2_Data/Week19\ELDON2_20250515_060102.wav
192.0,195.0,Sturnella magna,Eastern Meadowlark,0.0496,D:/AcousticMonitoringData/ELDON2_Data/Week19\ELDON2_20250515_060102.wav
192.0,195.0,Geothlypis trichas,Common Yellowthroat,0.0185,D:/AcousticMonitoringData/ELDON2_Data/Week19\ELDON2_20250515_060102.wav
195.0,198.0,Sturnella magna,Eastern Meadowlark,0.2594,D:/AcousticMonitoringData/ELDON2_Data/Week19\ELDON2_20250515_060102.wav
195.0,198.0,Bartramia longicauda,Upland Sandpiper,0.0276,D:/AcousticMonitoringData/ELDON2_Data/Week19\ELDON2_20250515_060102.wav
195.0,198.0,Eremophila alpestris,Horned Lark,0.0170,D:/AcousticMonitoringData/ELDON2_Data/Week19\ELDON2_20250515_060102.wav
198.0,201.0,Sturnella magna,Eastern Meadowlark,0.1236,D:/AcousticMonitoringData/ELDON2_Data/Week19\ELDON2_20250515_060102.wav
201.0,204.0,Geothlypis trichas,Common Yellowthroat,0.0415,D:/AcousticMonitoringData/ELDON2_Data/Week19\ELDON2_20250515_060102.wav
201.0,204.0,Melospiza melodia,Song Sparrow,0.0123,D:/AcousticMonitoringData/ELDON2_Data/Week19\ELDON2_20250515_060102.wav
204.0,207.0,Sturnella magna,Eastern Meadowlark,0.1152,D:/AcousticMonitoringData/ELDON2_Data/Week19\ELDON2_20250515_060102.wav
204.0,207.0,Geothlypis trichas,Common Yellowthroat,0.0135,D:/AcousticMonitoringData/ELDON2_Data/Week19\ELDON2_20250515_060102.wav
210.0,213.0,Sturnella magna,Eastern Meadowlark,0.0279,D:/AcousticMonitoringData/ELDON2_Data/Week19\ELDON2_20250515_060102.wav
216.0,219.0,Sturnella magna,Eastern Meadowlark,0.0831,D:/AcousticMonitoringData/ELDON2_Data/Week19\ELDON2_20250515_060102.wav
216.0,219.0,Geothlypis trichas,Common Yellowthroat,0.0154,D:/AcousticMonitoringData/ELDON2_Data/Week19\ELDON2_20250515_060102.wav
219.0,222.0,Sturnella magna,Eastern Meadowlark,0.2680,D:/AcousticMonitoringData/ELDON2_Data/Week19\ELDON2_20250515_060102.wav
219.0,222.0,Bartramia longicauda,Upland Sandpiper,0.0111,D:/AcousticMonitoringData/ELDON2_Data/Week19\ELDON2_20250515_060102.wav
222.0,225.0,Sturnella magna,Eastern Meadowlark,0.0935,D:/AcousticMonitoringData/ELDON2_Data/Week19\ELDON2_20250515_060102.wav
222.0,225.0,Geothlypis trichas,Common Yellowthroat,0.0255,D:/AcousticMonitoringData/ELDON2_Data/Week19\ELDON2_20250515_060102.wav
222.0,225.0,Melospiza melodia,Song Sparrow,0.0187,D:/AcousticMonitoringData/ELDON2_Data/Week19\ELDON2_20250515_060102.wav
228.0,231.0,Sturnella magna,Eastern Meadowlark,0.0532,D:/AcousticMonitoringData/ELDON2_Data/Week19\ELDON2_20250515_060102.wav
234.0,237.0,Sturnella magna,Eastern Meadowlark,0.2495,D:/AcousticMonitoringData/ELDON2_Data/Week19\ELDON2_20250515_060102.wav
234.0,237.0,Eremophila alpestris,Horned Lark,0.0559,D:/AcousticMonitoringData/ELDON2_Data/Week19\ELDON2_20250515_060102.wav
234.0,237.0,Bartramia longicauda,Upland Sandpiper,0.0109,D:/AcousticMonitoringData/ELDON2_Data/Week19\ELDON2_20250515_060102.wav
243.0,246.0,Sturnella magna,Eastern Meadowlark,0.0242,D:/AcousticMonitoringData/ELDON2_Data/Week19\ELDON2_20250515_060102.wav
249.0,252.0,Sturnella magna,Eastern Meadowlark,0.2045,D:/AcousticMonitoringData/ELDON2_Data/Week19\ELDON2_20250515_060102.wav
252.0,255.0,Geothlypis trichas,Common Yellowthroat,0.0231,D:/AcousticMonitoringData/ELDON2_Data/Week19\ELDON2_20250515_060102.wav
258.0,261.0,Sturnella magna,Eastern Meadowlark,0.1916,D:/AcousticMonitoringData/ELDON2_Data/Week19\ELDON2_20250515_060102.wav
261.0,264.0,Geothlypis trichas,Common Yellowthroat,0.0232,D:/AcousticMonitoringData/ELDON2_Data/Week19\ELDON2_20250515_060102.wav
267.0,270.0,Sturnella magna,Eastern Meadowlark,0.0303,D:/AcousticMonitoringData/ELDON2_Data/Week19\ELDON2_20250515_060102.wav
273.0,276.0,Geothlypis trichas,Common Yellowthroat,0.0154,D:/AcousticMonitoringData/ELDON2_Data/Week19\ELDON2_20250515_060102.wav
276.0,279.0,Sturnella magna,Eastern Meadowlark,0.0117,D:/AcousticMonitoringData/ELDON2_Data/Week19\ELDON2_20250515_060102.wav
279.0,282.0,Sturnella magna,Eastern Meadowlark,0.0183,D:/AcousticMonitoringData/ELDON2_Data/Week19\ELDON2_20250515_060102.wav
282.0,285.0,Sturnella magna,Eastern Meadowlark,0.3120,D:/AcousticMonitoringData/ELDON2_Data/Week19\ELDON2_20250515_060102.wav
282.0,285.0,Geothlypis trichas,Common Yellowthroat,0.0318,D:/AcousticMonitoringData/ELDON2_Data/Week19\ELDON2_20250515_060102.wav
282.0,285.0,Melospiza melodia,Song Sparrow,0.0227,D:/AcousticMonitoringData/ELDON2_Data/Week19\ELDON2_20250515_060102.wav
285.0,288.0,Geothlypis trichas,Common Yellowthroat,0.0202,D:/AcousticMonitoringData/ELDON2_Data/Week19\ELDON2_20250515_060102.wav
288.0,291.0,Geothlypis trichas,Common Yellowthroat,0.0563,D:/AcousticMonitoringData/ELDON2_Data/Week19\ELDON2_20250515_060102.wav
288.0,291.0,Melospiza melodia,Song Sparrow,0.0218,D:/AcousticMonitoringData/ELDON2_Data/Week19\ELDON2_20250515_060102.wav
291.0,294.0,Sturnella magna,Eastern Meadowlark,0.4376,D:/AcousticMonitoringData/ELDON2_Data/Week19\ELDON2_20250515_060102.wav
291.0,294.0,Bartramia longicauda,Upland Sandpiper,0.0262,D:/AcousticMonitoringData/ELDON2_Data/Week19\ELDON2_20250515_060102.wav
294.0,297.0,Sturnella magna,Eastern Meadowlark,0.0382,D:/AcousticMonitoringData/ELDON2_Data/Week19\ELDON2_20250515_060102.wav
294.0,297.0,Geothlypis trichas,Common Yellowthroat,0.0325,D:/AcousticMonitoringData/ELDON2_Data/Week19\ELDON2_20250515_060102.wav
300.0,303.0,Sturnella magna,Eastern Meadowlark,0.0165,D:/AcousticMonitoringData/ELDON2_Data/Week19\ELDON2_20250515_060102.wav
303.0,306.0,Bartramia longicauda,Upland Sandpiper,0.1872,D:/AcousticMonitoringData/ELDON2_Data/Week19\ELDON2_20250515_060102.wav
309.0,312.0,Sturnella magna,Eastern Meadowlark,0.4838,D:/AcousticMonitoringData/ELDON2_Data/Week19\ELDON2_20250515_060102.wav
309.0,312.0,Bartramia longicauda,Upland Sandpiper,0.0304,D:/AcousticMonitoringData/ELDON2_Data/Week19\ELDON2_20250515_060102.wav
309.0,312.0,Geothlypis trichas,Common Yellowthroat,0.0114,D:/AcousticMonitoringData/ELDON2_Data/Week19\ELDON2_20250515_060102.wav
312.0,315.0,Sturnella magna,Eastern Meadowlark,0.0311,D:/AcousticMonitoringData/ELDON2_Data/Week19\ELDON2_20250515_060102.wav
312.0,315.0,Passerina caerulea,Blue Grosbeak,0.0157,D:/AcousticMonitoringData/ELDON2_Data/Week19\ELDON2_20250515_060102.wav
315.0,318.0,Sturnella magna,Eastern Meadowlark,0.0276,D:/AcousticMonitoringData/ELDON2_Data/Week19\ELDON2_20250515_060102.wav
318.0,321.0,Sturnella magna,Eastern Meadowlark,0.3570,D:/AcousticMonitoringData/ELDON2_Data/Week19\ELDON2_20250515_060102.wav
318.0,321.0,Bartramia longicauda,Upland Sandpiper,0.0161,D:/AcousticMonitoringData/ELDON2_Data/Week19\ELDON2_20250515_060102.wav
321.0,324.0,Sturnella magna,Eastern Meadowlark,0.1781,D:/AcousticMonitoringData/ELDON2_Data/Week19\ELDON2_20250515_060102.wav
321.0,324.0,Geothlypis trichas,Common Yellowthroat,0.0120,D:/AcousticMonitoringData/ELDON2_Data/Week19\ELDON2_20250515_060102.wav
321.0,324.0,Bartramia longicauda,Upland Sandpiper,0.0108,D:/AcousticMonitoringData/ELDON2_Data/Week19\ELDON2_20250515_060102.wav
324.0,327.0,Geothlypis trichas,Common Yellowthroat,0.0240,D:/AcousticMonitoringData/ELDON2_Data/Week19\ELDON2_20250515_060102.wav
324.0,327.0,Melospiza melodia,Song Sparrow,0.0199,D:/AcousticMonitoringData/ELDON2_Data/Week19\ELDON2_20250515_060102.wav
327.0,330.0,Sturnella magna,Eastern Meadowlark,0.1074,D:/AcousticMonitoringData/ELDON2_Data/Week19\ELDON2_20250515_060102.wav
330.0,333.0,Sturnella magna,Eastern Meadowlark,0.1714,D:/AcousticMonitoringData/ELDON2_Data/Week19\ELDON2_20250515_060102.wav
330.0,333.0,Bartramia longicauda,Upland Sandpiper,0.0418,D:/AcousticMonitoringData/ELDON2_Data/Week19\ELDON2_20250515_060102.wav
333.0,336.0,Sturnella magna,Eastern Meadowlark,0.0324,D:/AcousticMonitoringData/ELDON2_Data/Week19\ELDON2_20250515_060102.wav
333.0,336.0,Eremophila alpestris,Horned Lark,0.0175,D:/AcousticMonitoringData/ELDON2_Data/Week19\ELDON2_20250515_060102.wav
336.0,339.0,Sturnella magna,Eastern Meadowlark,0.8219,D:/AcousticMonitoringData/ELDON2_Data/Week19\ELDON2_20250515_060102.wav
336.0,339.0,Bartramia longicauda,Upland Sandpiper,0.0190,D:/AcousticMonitoringData/ELDON2_Data/Week19\ELDON2_20250515_060102.wav
336.0,339.0,Eremophila alpestris,Horned Lark,0.0170,D:/AcousticMonitoringData/ELDON2_Data/Week19\ELDON2_20250515_060102.wav
342.0,345.0,Sturnella magna,Eastern Meadowlark,0.1371,D:/AcousticMonitoringData/ELDON2_Data/Week19\ELDON2_20250515_060102.wav
342.0,345.0,Bartramia longicauda,Upland Sandpiper,0.0414,D:/AcousticMonitoringData/ELDON2_Data/Week19\ELDON2_20250515_060102.wav
342.0,345.0,Spizella pusilla,Field Sparrow,0.0111,D:/AcousticMonitoringData/ELDON2_Data/Week19\ELDON2_20250515_060102.wav
342.0,345.0,Eremophila alpestris,Horned Lark,0.0106,D:/AcousticMonitoringData/ELDON2_Data/Week19\ELDON2_20250515_060102.wav
345.0,348.0,Sturnella magna,Eastern Meadowlark,0.4417,D:/AcousticMonitoringData/ELDON2_Data/Week19\ELDON2_20250515_060102.wav
345.0,348.0,Eremophila alpestris,Horned Lark,0.0147,D:/AcousticMonitoringData/ELDON2_Data/Week19\ELDON2_20250515_060102.wav
345.0,348.0,Bartramia longicauda,Upland Sandpiper,0.0134,D:/AcousticMonitoringData/ELDON2_Data/Week19\ELDON2_20250515_060102.wav
345.0,348.0,Passerina caerulea,Blue Grosbeak,0.0104,D:/AcousticMonitoringData/ELDON2_Data/Week19\ELDON2_20250515_060102.wav
351.0,354.0,Sturnella magna,Eastern Meadowlark,0.1006,D:/AcousticMonitoringData/ELDON2_Data/Week19\ELDON2_20250515_060102.wav
351.0,354.0,Bartramia longicauda,Upland Sandpiper,0.0151,D:/AcousticMonitoringData/ELDON2_Data/Week19\ELDON2_20250515_060102.wav
351.0,354.0,Spizella pusilla,Field Sparrow,0.0115,D:/AcousticMonitoringData/ELDON2_Data/Week19\ELDON2_20250515_060102.wav
354.0,357.0,Sturnella magna,Eastern Meadowlark,0.8171,D:/AcousticMonitoringData/ELDON2_Data/Week19\ELDON2_20250515_060102.wav
363.0,366.0,Sturnella magna,Eastern Meadowlark,0.8081,D:/AcousticMonitoringData/ELDON2_Data/Week19\ELDON2_20250515_060102.wav
363.0,366.0,Geothlypis trichas,Common Yellowthroat,0.0230,D:/AcousticMonitoringData/ELDON2_Data/Week19\ELDON2_20250515_060102.wav
366.0,369.0,Sturnella magna,Eastern Meadowlark,0.2278,D:/AcousticMonitoringData/ELDON2_Data/Week19\ELDON2_20250515_060102.wav
369.0,372.0,Sturnella magna,Eastern Meadowlark,0.0342,D:/AcousticMonitoringData/ELDON2_Data/Week19\ELDON2_20250515_060102.wav
369.0,372.0,Melospiza melodia,Song Sparrow,0.0106,D:/AcousticMonitoringData/ELDON2_Data/Week19\ELDON2_20250515_060102.wav
372.0,375.0,Sturnella magna,Eastern Meadowlark,0.6670,D:/AcousticMonitoringData/ELDON2_Data/Week19\ELDON2_20250515_060102.wav
372.0,375.0,Geothlypis trichas,Common Yellowthroat,0.0254,D:/AcousticMonitoringData/ELDON2_Data/Week19\ELDON2_20250515_060102.wav
372.0,375.0,Spizella pusilla,Field Sparrow,0.0106,D:/AcousticMonitoringData/ELDON2_Data/Week19\ELDON2_20250515_060102.wav
375.0,378.0,Geothlypis trichas,Common Yellowthroat,0.0207,D:/AcousticMonitoringData/ELDON2_Data/Week19\ELDON2_20250515_060102.wav
378.0,381.0,Sturnella magna,Eastern Meadowlark,0.0229,D:/AcousticMonitoringData/ELDON2_Data/Week19\ELDON2_20250515_060102.wav
381.0,384.0,Sturnella magna,Eastern Meadowlark,0.5493,D:/AcousticMonitoringData/ELDON2_Data/Week19\ELDON2_20250515_060102.wav
381.0,384.0,Spizella pusilla,Field Sparrow,0.0113,D:/AcousticMonitoringData/ELDON2_Data/Week19\ELDON2_20250515_060102.wav
384.0,387.0,Sturnella magna,Eastern Meadowlark,0.2692,D:/AcousticMonitoringData/ELDON2_Data/Week19\ELDON2_20250515_060102.wav
384.0,387.0,Bartramia longicauda,Upland Sandpiper,0.0145,D:/AcousticMonitoringData/ELDON2_Data/Week19\ELDON2_20250515_060102.wav
390.0,393.0,Sturnella magna,Eastern Meadowlark,0.3736,D:/AcousticMonitoringData/ELDON2_Data/Week19\ELDON2_20250515_060102.wav
390.0,393.0,Spizella pusilla,Field Sparrow,0.0172,D:/AcousticMonitoringData/ELDON2_Data/Week19\ELDON2_20250515_060102.wav
390.0,393.0,Bartramia longicauda,Upland Sandpiper,0.0149,D:/AcousticMonitoringData/ELDON2_Data/Week19\ELDON2_20250515_060102.wav
393.0,396.0,Sturnella magna,Eastern Meadowlark,0.1587,D:/AcousticMonitoringData/ELDON2_Data/Week19\ELDON2_20250515_060102.wav
393.0,396.0,Melospiza melodia,Song Sparrow,0.0145,D:/AcousticMonitoringData/ELDON2_Data/Week19\ELDON2_20250515_060102.wav
402.0,405.0,Sturnella magna,Eastern Meadowlark,0.1062,D:/AcousticMonitoringData/ELDON2_Data/Week19\ELDON2_20250515_060102.wav
402.0,405.0,Bartramia longicauda,Upland Sandpiper,0.0530,D:/AcousticMonitoringData/ELDON2_Data/Week19\ELDON2_20250515_060102.wav
405.0,408.0,Melospiza melodia,Song Sparrow,0.0126,D:/AcousticMonitoringData/ELDON2_Data/Week19\ELDON2_20250515_060102.wav
408.0,411.0,Sturnella magna,Eastern Meadowlark,0.1587,D:/AcousticMonitoringData/ELDON2_Data/Week19\ELDON2_20250515_060102.wav
411.0,414.0,Sturnella magna,Eastern Meadowlark,0.0533,D:/AcousticMonitoringData/ELDON2_Data/Week19\ELDON2_20250515_060102.wav
411.0,414.0,Bartramia longicauda,Upland Sandpiper,0.0299,D:/AcousticMonitoringData/ELDON2_Data/Week19\ELDON2_20250515_060102.wav
411.0,414.0,Eremophila alpestris,Horned Lark,0.0142,D:/AcousticMonitoringData/ELDON2_Data/Week19\ELDON2_20250515_060102.wav
417.0,420.0,Sturnella magna,Eastern Meadowlark,0.1829,D:/AcousticMonitoringData/ELDON2_Data/Week19\ELDON2_20250515_060102.wav
417.0,420.0,Bartramia longicauda,Upland Sandpiper,0.0164,D:/AcousticMonitoringData/ELDON2_Data/Week19\ELDON2_20250515_060102.wav
426.0,429.0,Sturnella magna,Eastern Meadowlark,0.0393,D:/AcousticMonitoringData/ELDON2_Data/Week19\ELDON2_20250515_060102.wav
426.0,429.0,Geothlypis trichas,Common Yellowthroat,0.0212,D:/AcousticMonitoringData/ELDON2_Data/Week19\ELDON2_20250515_060102.wav
426.0,429.0,Melospiza melodia,Song Sparrow,0.0152,D:/AcousticMonitoringData/ELDON2_Data/Week19\ELDON2_20250515_060102.wav
429.0,432.0,Sturnella magna,Eastern Meadowlark,0.1400,D:/AcousticMonitoringData/ELDON2_Data/Week19\ELDON2_20250515_060102.wav
435.0,438.0,Geothlypis trichas,Common Yellowthroat,0.0156,D:/AcousticMonitoringData/ELDON2_Data/Week19\ELDON2_20250515_060102.wav
435.0,438.0,Melospiza melodia,Song Sparrow,0.0148,D:/AcousticMonitoringData/ELDON2_Data/Week19\ELDON2_20250515_060102.wav
438.0,441.0,Sturnella magna,Eastern Meadowlark,0.2189,D:/AcousticMonitoringData/ELDON2_Data/Week19\ELDON2_20250515_060102.wav
441.0,444.0,Sturnella magna,Eastern Meadowlark,0.1554,D:/AcousticMonitoringData/ELDON2_Data/Week19\ELDON2_20250515_060102.wav
441.0,444.0,Bartramia longicauda,Upland Sandpiper,0.0898,D:/AcousticMonitoringData/ELDON2_Data/Week19\ELDON2_20250515_060102.wav
447.0,450.0,Sturnella magna,Eastern Meadowlark,0.0748,D:/AcousticMonitoringData/ELDON2_Data/Week19\ELDON2_20250515_060102.wav
450.0,453.0,Sturnella magna,Eastern Meadowlark,0.0348,D:/AcousticMonitoringData/ELDON2_Data/Week19\ELDON2_20250515_060102.wav
453.0,456.0,Melospiza melodia,Song Sparrow,0.0328,D:/AcousticMonitoringData/ELDON2_Data/Week19\ELDON2_20250515_060102.wav
453.0,456.0,Sturnella magna,Eastern Meadowlark,0.0184,D:/AcousticMonitoringData/ELDON2_Data/Week19\ELDON2_20250515_060102.wav
453.0,456.0,Geothlypis trichas,Common Yellowthroat,0.0148,D:/AcousticMonitoringData/ELDON2_Data/Week19\ELDON2_20250515_060102.wav
456.0,459.0,Sturnella magna,Eastern Meadowlark,0.1001,D:/AcousticMonitoringData/ELDON2_Data/Week19\ELDON2_20250515_060102.wav
459.0,462.0,Sturnella magna,Eastern Meadowlark,0.2000,D:/AcousticMonitoringData/ELDON2_Data/Week19\ELDON2_20250515_060102.wav
459.0,462.0,Bartramia longicauda,Upland Sandpiper,0.0227,D:/AcousticMonitoringData/ELDON2_Data/Week19\ELDON2_20250515_060102.wav
462.0,465.0,Sturnella magna,Eastern Meadowlark,0.1008,D:/AcousticMonitoringData/ELDON2_Data/Week19\ELDON2_20250515_060102.wav
462.0,465.0,Melospiza melodia,Song Sparrow,0.0212,D:/AcousticMonitoringData/ELDON2_Data/Week19\ELDON2_20250515_060102.wav
465.0,468.0,Sturnella magna,Eastern Meadowlark,0.2755,D:/AcousticMonitoringData/ELDON2_Data/Week19\ELDON2_20250515_060102.wav
468.0,471.0,Geothlypis trichas,Common Yellowthroat,0.0147,D:/AcousticMonitoringData/ELDON2_Data/Week19\ELDON2_20250515_060102.wav
471.0,474.0,Melospiza melodia,Song Sparrow,0.0107,D:/AcousticMonitoringData/ELDON2_Data/Week19\ELDON2_20250515_060102.wav
474.0,477.0,Sturnella magna,Eastern Meadowlark,0.1516,D:/AcousticMonitoringData/ELDON2_Data/Week19\ELDON2_20250515_060102.wav
480.0,483.0,Sturnella magna,Eastern Meadowlark,0.0859,D:/AcousticMonitoringData/ELDON2_Data/Week19\ELDON2_20250515_060102.wav
486.0,489.0,Geothlypis trichas,Common Yellowthroat,0.0122,D:/AcousticMonitoringData/ELDON2_Data/Week19\ELDON2_20250515_060102.wav
489.0,492.0,Sturnella magna,Eastern Meadowlark,0.0647,D:/AcousticMonitoringData/ELDON2_Data/Week19\ELDON2_20250515_060102.wav
489.0,492.0,Geothlypis trichas,Common Yellowthroat,0.0189,D:/AcousticMonitoringData/ELDON2_Data/Week19\ELDON2_20250515_060102.wav
492.0,495.0,Sturnella magna,Eastern Meadowlark,0.1909,D:/AcousticMonitoringData/ELDON2_Data/Week19\ELDON2_20250515_060102.wav
492.0,495.0,Geothlypis trichas,Common Yellowthroat,0.0245,D:/AcousticMonitoringData/ELDON2_Data/Week19\ELDON2_20250515_060102.wav
495.0,498.0,Geothlypis trichas,Common Yellowthroat,0.1681,D:/AcousticMonitoringData/ELDON2_Data/Week19\ELDON2_20250515_060102.wav
495.0,498.0,Melospiza melodia,Song Sparrow,0.0205,D:/AcousticMonitoringData/ELDON2_Data/Week19\ELDON2_20250515_060102.wav
495.0,498.0,Sturnella magna,Eastern Meadowlark,0.0143,D:/AcousticMonitoringData/ELDON2_Data/Week19\ELDON2_20250515_060102.wav
501.0,504.0,Sturnella magna,Eastern Meadowlark,0.8212,D:/AcousticMonitoringData/ELDON2_Data/Week19\ELDON2_20250515_060102.wav
504.0,507.0,Sturnella magna,Eastern Meadowlark,0.0971,D:/AcousticMonitoringData/ELDON2_Data/Week19\ELDON2_20250515_060102.wav
504.0,507.0,Spizella pusilla,Field Sparrow,0.0134,D:/AcousticMonitoringData/ELDON2_Data/Week19\ELDON2_20250515_060102.wav
507.0,510.0,Sturnella magna,Eastern Meadowlark,0.0588,D:/AcousticMonitoringData/ELDON2_Data/Week19\ELDON2_20250515_060102.wav
510.0,513.0,Sturnella magna,Eastern Meadowlark,0.0148,D:/AcousticMonitoringData/ELDON2_Data/Week19\ELDON2_20250515_060102.wav
516.0,519.0,Geothlypis trichas,Common Yellowthroat,0.0122,D:/AcousticMonitoringData/ELDON2_Data/Week19\ELDON2_20250515_060102.wav
519.0,522.0,Geothlypis trichas,Common Yellowthroat,0.0228,D:/AcousticMonitoringData/ELDON2_Data/Week19\ELDON2_20250515_060102.wav
522.0,525.0,Sturnella magna,Eastern Meadowlark,0.7900,D:/AcousticMonitoringData/ELDON2_Data/Week19\ELDON2_20250515_060102.wav
522.0,525.0,Bartramia longicauda,Upland Sandpiper,0.0102,D:/AcousticMonitoringData/ELDON2_Data/Week19\ELDON2_20250515_060102.wav
528.0,531.0,Sturnella magna,Eastern Meadowlark,0.0118,D:/AcousticMonitoringData/ELDON2_Data/Week19\ELDON2_20250515_060102.wav
531.0,534.0,Sturnella magna,Eastern Meadowlark,0.2881,D:/AcousticMonitoringData/ELDON2_Data/Week19\ELDON2_20250515_060102.wav
540.0,543.0,Sturnella magna,Eastern Meadowlark,0.4000,D:/AcousticMonitoringData/ELDON2_Data/Week19\ELDON2_20250515_060102.wav
543.0,546.0,Geothlypis trichas,Common Yellowthroat,0.0337,D:/AcousticMonitoringData/ELDON2_Data/Week19\ELDON2_20250515_060102.wav
546.0,549.0,Geothlypis trichas,Common Yellowthroat,0.0290,D:/AcousticMonitoringData/ELDON2_Data/Week19\ELDON2_20250515_060102.wav
549.0,552.0,Sturnella magna,Eastern Meadowlark,0.4321,D:/AcousticMonitoringData/ELDON2_Data/Week19\ELDON2_20250515_060102.wav
549.0,552.0,Bartramia longicauda,Upland Sandpiper,0.0192,D:/AcousticMonitoringData/ELDON2_Data/Week19\ELDON2_20250515_060102.wav
549.0,552.0,Passerina caerulea,Blue Grosbeak,0.0136,D:/AcousticMonitoringData/ELDON2_Data/Week19\ELDON2_20250515_060102.wav
549.0,552.0,Geothlypis trichas,Common Yellowthroat,0.0105,D:/AcousticMonitoringData/ELDON2_Data/Week19\ELDON2_20250515_060102.wav
552.0,555.0,Geothlypis trichas,Common Yellowthroat,0.0540,D:/AcousticMonitoringData/ELDON2_Data/Week19\ELDON2_20250515_060102.wav
552.0,555.0,Melospiza melodia,Song Sparrow,0.0168,D:/AcousticMonitoringData/ELDON2_Data/Week19\ELDON2_20250515_060102.wav
555.0,558.0,Geothlypis trichas,Common Yellowthroat,0.0335,D:/AcousticMonitoringData/ELDON2_Data/Week19\ELDON2_20250515_060102.wav
555.0,558.0,Sturnella magna,Eastern Meadowlark,0.0286,D:/AcousticMonitoringData/ELDON2_Data/Week19\ELDON2_20250515_060102.wav
555.0,558.0,Melospiza melodia,Song Sparrow,0.0169,D:/AcousticMonitoringData/ELDON2_Data/Week19\ELDON2_20250515_060102.wav
558.0,561.0,Geothlypis trichas,Common Yellowthroat,0.0400,D:/AcousticMonitoringData/ELDON2_Data/Week19\ELDON2_20250515_060102.wav
558.0,561.0,Sturnella magna,Eastern Meadowlark,0.0157,D:/AcousticMonitoringData/ELDON2_Data/Week19\ELDON2_20250515_060102.wav
561.0,564.0,Geothlypis trichas,Common Yellowthroat,0.0585,D:/AcousticMonitoringData/ELDON2_Data/Week19\ELDON2_20250515_060102.wav
561.0,564.0,Melospiza melodia,Song Sparrow,0.0326,D:/AcousticMonitoringData/ELDON2_Data/Week19\ELDON2_20250515_060102.wav
564.0,567.0,Geothlypis trichas,Common Yellowthroat,0.0633,D:/AcousticMonitoringData/ELDON2_Data/Week19\ELDON2_20250515_060102.wav
564.0,567.0,Sturnella magna,Eastern Meadowlark,0.0449,D:/AcousticMonitoringData/ELDON2_Data/Week19\ELDON2_20250515_060102.wav
564.0,567.0,Melospiza melodia,Song Sparrow,0.0177,D:/AcousticMonitoringData/ELDON2_Data/Week19\ELDON2_20250515_060102.wav
567.0,570.0,Sturnella magna,Eastern Meadowlark,0.4483,D:/AcousticMonitoringData/ELDON2_Data/Week19\ELDON2_20250515_060102.wav
567.0,570.0,Geothlypis trichas,Common Yellowthroat,0.0267,D:/AcousticMonitoringData/ELDON2_Data/Week19\ELDON2_20250515_060102.wav
570.0,573.0,Geothlypis trichas,Common Yellowthroat,0.0506,D:/AcousticMonitoringData/ELDON2_Data/Week19\ELDON2_20250515_060102.wav
570.0,573.0,Melospiza melodia,Song Sparrow,0.0358,D:/AcousticMonitoringData/ELDON2_Data/Week19\ELDON2_20250515_060102.wav
573.0,576.0,Melospiza melodia,Song Sparrow,0.0516,D:/AcousticMonitoringData/ELDON2_Data/Week19\ELDON2_20250515_060102.wav
573.0,576.0,Sturnella magna,Eastern Meadowlark,0.0187,D:/AcousticMonitoringData/ELDON2_Data/Week19\ELDON2_20250515_060102.wav
573.0,576.0,Geothlypis trichas,Common Yellowthroat,0.0145,D:/AcousticMonitoringData/ELDON2_Data/Week19\ELDON2_20250515_060102.wav
576.0,579.0,Geothlypis trichas,Common Yellowthroat,0.0172,D:/AcousticMonitoringData/ELDON2_Data/Week19\ELDON2_20250515_060102.wav
576.0,579.0,Melospiza melodia,Song Sparrow,0.0140,D:/AcousticMonitoringData/ELDON2_Data/Week19\ELDON2_20250515_060102.wav
579.0,582.0,Geothlypis trichas,Common Yellowthroat,0.0322,D:/AcousticMonitoringData/ELDON2_Data/Week19\ELDON2_20250515_060102.wav
579.0,582.0,Melospiza melodia,Song Sparrow,0.0150,D:/AcousticMonitoringData/ELDON2_Data/Week19\ELDON2_20250515_060102.wav
582.0,585.0,Melospiza melodia,Song Sparrow,0.0746,D:/AcousticMonitoringData/ELDON2_Data/Week19\ELDON2_20250515_060102.wav
582.0,585.0,Geothlypis trichas,Common Yellowthroat,0.0132,D:/AcousticMonitoringData/ELDON2_Data/Week19\ELDON2_20250515_060102.wav
585.0,588.0,Melospiza melodia,Song Sparrow,0.0570,D:/AcousticMonitoringData/ELDON2_Data/Week19\ELDON2_20250515_060102.wav
585.0,588.0,Geothlypis trichas,Common Yellowthroat,0.0341,D:/AcousticMonitoringData/ELDON2_Data/Week19\ELDON2_20250515_060102.wav
585.0,588.0,Sturnella magna,Eastern Meadowlark,0.0180,D:/AcousticMonitoringData/ELDON2_Data/Week19\ELDON2_20250515_060102.wav
588.0,591.0,Sturnella magna,Eastern Meadowlark,0.0460,D:/AcousticMonitoringData/ELDON2_Data/Week19\ELDON2_20250515_060102.wav
588.0,591.0,Geothlypis trichas,Common Yellowthroat,0.0154,D:/AcousticMonitoringData/ELDON2_Data/Week19\ELDON2_20250515_060102.wav
591.0,594.0,Geothlypis trichas,Common Yellowthroat,0.0424,D:/AcousticMonitoringData/ELDON2_Data/Week19\ELDON2_20250515_060102.wav
591.0,594.0,Melospiza melodia,Song Sparrow,0.0105,D:/AcousticMonitoringData/ELDON2_Data/Week19\ELDON2_20250515_060102.wav
594.0,597.0,Geothlypis trichas,Common Yellowthroat,0.0735,D:/AcousticMonitoringData/ELDON2_Data/Week19\ELDON2_20250515_060102.wav
594.0,597.0,Sturnella magna,Eastern Meadowlark,0.0172,D:/AcousticMonitoringData/ELDON2_Data/Week19\ELDON2_20250515_060102.wav
594.0,597.0,Melospiza melodia,Song Sparrow,0.0161,D:/AcousticMonitoringData/ELDON2_Data/Week19\ELDON2_20250515_060102.wav
597.0,600.0,Geothlypis trichas,Common Yellowthroat,0.0841,D:/AcousticMonitoringData/ELDON2_Data/Week19\ELDON2_20250515_060102.wav
600.0,603.0,Geothlypis trichas,Common Yellowthroat,0.0512,D:/AcousticMonitoringData/ELDON2_Data/Week19\ELDON2_20250515_060102.wav
600.0,603.0,Melospiza melodia,Song Sparrow,0.0143,D:/AcousticMonitoringData/ELDON2_Data/Week19\ELDON2_20250515_060102.wav
603.0,606.0,Sturnella magna,Eastern Meadowlark,0.0966,D:/AcousticMonitoringData/ELDON2_Data/Week19\ELDON2_20250515_060102.wav
603.0,606.0,Geothlypis trichas,Common Yellowthroat,0.0294,D:/AcousticMonitoringData/ELDON2_Data/Week19\ELDON2_20250515_060102.wav
606.0,609.0,Geothlypis trichas,Common Yellowthroat,0.0480,D:/AcousticMonitoringData/ELDON2_Data/Week19\ELDON2_20250515_060102.wav
609.0,612.0,Geothlypis trichas,Common Yellowthroat,0.0338,D:/AcousticMonitoringData/ELDON2_Data/Week19\ELDON2_20250515_060102.wav
612.0,615.0,Sturnella magna,Eastern Meadowlark,0.3383,D:/AcousticMonitoringData/ELDON2_Data/Week19\ELDON2_20250515_060102.wav
612.0,615.0,Geothlypis trichas,Common Yellowthroat,0.0337,D:/AcousticMonitoringData/ELDON2_Data/Week19\ELDON2_20250515_060102.wav
618.0,621.0,Sturnella magna,Eastern Meadowlark,0.2390,D:/AcousticMonitoringData/ELDON2_Data/Week19\ELDON2_20250515_060102.wav
618.0,621.0,Spizella pusilla,Field Sparrow,0.0301,D:/AcousticMonitoringData/ELDON2_Data/Week19\ELDON2_20250515_060102.wav
624.0,627.0,Sturnella magna,Eastern Meadowlark,0.0942,D:/AcousticMonitoringData/ELDON2_Data/Week19\ELDON2_20250515_060102.wav
630.0,633.0,Sturnella magna,Eastern Meadowlark,0.0403,D:/AcousticMonitoringData/ELDON2_Data/Week19\ELDON2_20250515_060102.wav
630.0,633.0,Eremophila alpestris,Horned Lark,0.0188,D:/AcousticMonitoringData/ELDON2_Data/Week19\ELDON2_20250515_060102.wav
630.0,633.0,Geothlypis trichas,Common Yellowthroat,0.0136,D:/AcousticMonitoringData/ELDON2_Data/Week19\ELDON2_20250515_060102.wav
636.0,639.0,Geothlypis trichas,Common Yellowthroat,0.0222,D:/AcousticMonitoringData/ELDON2_Data/Week19\ELDON2_20250515_060102.wav
639.0,642.0,Sturnella magna,Eastern Meadowlark,0.1772,D:/AcousticMonitoringData/ELDON2_Data/Week19\ELDON2_20250515_060102.wav
639.0,642.0,Geothlypis trichas,Common Yellowthroat,0.0554,D:/AcousticMonitoringData/ELDON2_Data/Week19\ELDON2_20250515_060102.wav
642.0,645.0,Geothlypis trichas,Common Yellowthroat,0.0108,D:/AcousticMonitoringData/ELDON2_Data/Week19\ELDON2_20250515_060102.wav
645.0,648.0,Geothlypis trichas,Common Yellowthroat,0.0133,D:/AcousticMonitoringData/ELDON2_Data/Week19\ELDON2_20250515_060102.wav
651.0,654.0,Sturnella magna,Eastern Meadowlark,0.0546,D:/AcousticMonitoringData/ELDON2_Data/Week19\ELDON2_20250515_060102.wav
651.0,654.0,Geothlypis trichas,Common Yellowthroat,0.0167,D:/AcousticMonitoringData/ELDON2_Data/Week19\ELDON2_20250515_060102.wav
654.0,657.0,Geothlypis trichas,Common Yellowthroat,0.0108,D:/AcousticMonitoringData/ELDON2_Data/Week19\ELDON2_20250515_060102.wav
657.0,660.0,Geothlypis trichas,Common Yellowthroat,0.0487,D:/AcousticMonitoringData/ELDON2_Data/Week19\ELDON2_20250515_060102.wav
660.0,663.0,Geothlypis trichas,Common Yellowthroat,0.0313,D:/AcousticMonitoringData/ELDON2_Data/Week19\ELDON2_20250515_060102.wav
663.0,666.0,Sturnella magna,Eastern Meadowlark,0.0779,D:/AcousticMonitoringData/ELDON2_Data/Week19\ELDON2_20250515_060102.wav
663.0,666.0,Spizella pusilla,Field Sparrow,0.0181,D:/AcousticMonitoringData/ELDON2_Data/Week19\ELDON2_20250515_060102.wav
675.0,678.0,Sturnella magna,Eastern Meadowlark,0.0571,D:/AcousticMonitoringData/ELDON2_Data/Week19\ELDON2_20250515_060102.wav
675.0,678.0,Geothlypis trichas,Common Yellowthroat,0.0259,D:/AcousticMonitoringData/ELDON2_Data/Week19\ELDON2_20250515_060102.wav
681.0,684.0,Geothlypis trichas,Common Yellowthroat,0.0361,D:/AcousticMonitoringData/ELDON2_Data/Week19\ELDON2_20250515_060102.wav
684.0,687.0,Geothlypis trichas,Common Yellowthroat,0.0261,D:/AcousticMonitoringData/ELDON2_Data/Week19\ELDON2_20250515_060102.wav
696.0,699.0,Geothlypis trichas,Common Yellowthroat,0.0198,D:/AcousticMonitoringData/ELDON2_Data/Week19\ELDON2_20250515_060102.wav
702.0,705.0,Geothlypis trichas,Common Yellowthroat,0.0122,D:/AcousticMonitoringData/ELDON2_Data/Week19\ELDON2_20250515_060102.wav
711.0,714.0,Sturnella magna,Eastern Meadowlark,0.0408,D:/AcousticMonitoringData/ELDON2_Data/Week19\ELDON2_20250515_060102.wav
723.0,726.0,Geothlypis trichas,Common Yellowthroat,0.0375,D:/AcousticMonitoringData/ELDON2_Data/Week19\ELDON2_20250515_060102.wav
726.0,729.0,Geothlypis trichas,Common Yellowthroat,0.1040,D:/AcousticMonitoringData/ELDON2_Data/Week19\ELDON2_20250515_060102.wav
726.0,729.0,Sturnella magna,Eastern Meadowlark,0.0384,D:/AcousticMonitoringData/ELDON2_Data/Week19\ELDON2_20250515_060102.wav
729.0,732.0,Geothlypis trichas,Common Yellowthroat,0.0637,D:/AcousticMonitoringData/ELDON2_Data/Week19\ELDON2_20250515_060102.wav
732.0,735.0,Sturnella magna,Eastern Meadowlark,0.0137,D:/AcousticMonitoringData/ELDON2_Data/Week19\ELDON2_20250515_060102.wav
735.0,738.0,Sturnella magna,Eastern Meadowlark,0.0637,D:/AcousticMonitoringData/ELDON2_Data/Week19\ELDON2_20250515_060102.wav
741.0,744.0,Sturnella magna,Eastern Meadowlark,0.0768,D:/AcousticMonitoringData/ELDON2_Data/Week19\ELDON2_20250515_060102.wav
744.0,747.0,Geothlypis trichas,Common Yellowthroat,0.0361,D:/AcousticMonitoringData/ELDON2_Data/Week19\ELDON2_20250515_060102.wav
747.0,750.0,Geothlypis trichas,Common Yellowthroat,0.0375,D:/AcousticMonitoringData/ELDON2_Data/Week19\ELDON2_20250515_060102.wav
747.0,750.0,Melospiza melodia,Song Sparrow,0.0116,D:/AcousticMonitoringData/ELDON2_Data/Week19\ELDON2_20250515_060102.wav
750.0,753.0,Sturnella magna,Eastern Meadowlark,0.2628,D:/AcousticMonitoringData/ELDON2_Data/Week19\ELDON2_20250515_060102.wav
753.0,756.0,Geothlypis trichas,Common Yellowthroat,0.0376,D:/AcousticMonitoringData/ELDON2_Data/Week19\ELDON2_20250515_060102.wav
756.0,759.0,Sturnella magna,Eastern Meadowlark,0.0366,D:/AcousticMonitoringData/ELDON2_Data/Week19\ELDON2_20250515_060102.wav
762.0,765.0,Sturnella magna,Eastern Meadowlark,0.0303,D:/AcousticMonitoringData/ELDON2_Data/Week19\ELDON2_20250515_060102.wav
762.0,765.0,Spizella pusilla,Field Sparrow,0.0122,D:/AcousticMonitoringData/ELDON2_Data/Week19\ELDON2_20250515_060102.wav
765.0,768.0,Sturnella magna,Eastern Meadowlark,0.0171,D:/AcousticMonitoringData/ELDON2_Data/Week19\ELDON2_20250515_060102.wav
765.0,768.0,Geothlypis trichas,Common Yellowthroat,0.0133,D:/AcousticMonitoringData/ELDON2_Data/Week19\ELDON2_20250515_060102.wav
774.0,777.0,Geothlypis trichas,Common Yellowthroat,0.0233,D:/AcousticMonitoringData/ELDON2_Data/Week19\ELDON2_20250515_060102.wav
777.0,780.0,Geothlypis trichas,Common Yellowthroat,0.0202,D:/AcousticMonitoringData/ELDON2_Data/Week19\ELDON2_20250515_060102.wav
777.0,780.0,Sturnella magna,Eastern Meadowlark,0.0194,D:/AcousticMonitoringData/ELDON2_Data/Week19\ELDON2_20250515_060102.wav
786.0,789.0,Geothlypis trichas,Common Yellowthroat,0.0626,D:/AcousticMonitoringData/ELDON2_Data/Week19\ELDON2_20250515_060102.wav
789.0,792.0,Sturnella magna,Eastern Meadowlark,0.6116,D:/AcousticMonitoringData/ELDON2_Data/Week19\ELDON2_20250515_060102.wav
789.0,792.0,Geothlypis trichas,Common Yellowthroat,0.0207,D:/AcousticMonitoringData/ELDON2_Data/Week19\ELDON2_20250515_060102.wav
795.0,798.0,Sturnella magna,Eastern Meadowlark,0.2840,D:/AcousticMonitoringData/ELDON2_Data/Week19\ELDON2_20250515_060102.wav
795.0,798.0,Geothlypis trichas,Common Yellowthroat,0.0118,D:/AcousticMonitoringData/ELDON2_Data/Week19\ELDON2_20250515_060102.wav
798.0,801.0,Geothlypis trichas,Common Yellowthroat,0.0522,D:/AcousticMonitoringData/ELDON2_Data/Week19\ELDON2_20250515_060102.wav
798.0,801.0,Melospiza melodia,Song Sparrow,0.0109,D:/AcousticMonitoringData/ELDON2_Data/Week19\ELDON2_20250515_060102.wav
801.0,804.0,Geothlypis trichas,Common Yellowthroat,0.1391,D:/AcousticMonitoringData/ELDON2_Data/Week19\ELDON2_20250515_060102.wav
801.0,804.0,Melospiza melodia,Song Sparrow,0.0134,D:/AcousticMonitoringData/ELDON2_Data/Week19\ELDON2_20250515_060102.wav
804.0,807.0,Geothlypis trichas,Common Yellowthroat,0.0192,D:/AcousticMonitoringData/ELDON2_Data/Week19\ELDON2_20250515_060102.wav
807.0,810.0,Geothlypis trichas,Common Yellowthroat,0.1475,D:/AcousticMonitoringData/ELDON2_Data/Week19\ELDON2_20250515_060102.wav
810.0,813.0,Sturnella magna,Eastern Meadowlark,0.1988,D:/AcousticMonitoringData/ELDON2_Data/Week19\ELDON2_20250515_060102.wav
810.0,813.0,Eremophila alpestris,Horned Lark,0.0344,D:/AcousticMonitoringData/ELDON2_Data/Week19\ELDON2_20250515_060102.wav
810.0,813.0,Geothlypis trichas,Common Yellowthroat,0.0254,D:/AcousticMonitoringData/ELDON2_Data/Week19\ELDON2_20250515_060102.wav
813.0,816.0,Geothlypis trichas,Common Yellowthroat,0.0274,D:/AcousticMonitoringData/ELDON2_Data/Week19\ELDON2_20250515_060102.wav
816.0,819.0,Geothlypis trichas,Common Yellowthroat,0.1018,D:/AcousticMonitoringData/ELDON2_Data/Week19\ELDON2_20250515_060102.wav
828.0,831.0,Geothlypis trichas,Common Yellowthroat,0.0281,D:/AcousticMonitoringData/ELDON2_Data/Week19\ELDON2_20250515_060102.wav
831.0,834.0,Sturnella magna,Eastern Meadowlark,0.0182,D:/AcousticMonitoringData/ELDON2_Data/Week19\ELDON2_20250515_060102.wav
831.0,834.0,Geothlypis trichas,Common Yellowthroat,0.0120,D:/AcousticMonitoringData/ELDON2_Data/Week19\ELDON2_20250515_060102.wav
834.0,837.0,Sturnella magna,Eastern Meadowlark,0.0145,D:/AcousticMonitoringData/ELDON2_Data/Week19\ELDON2_20250515_060102.wav
840.0,843.0,Geothlypis trichas,Common Yellowthroat,0.0591,D:/AcousticMonitoringData/ELDON2_Data/Week19\ELDON2_20250515_060102.wav
840.0,843.0,Bartramia longicauda,Upland Sandpiper,0.0257,D:/AcousticMonitoringData/ELDON2_Data/Week19\ELDON2_20250515_060102.wav
840.0,843.0,Melospiza melodia,Song Sparrow,0.0211,D:/AcousticMonitoringData/ELDON2_Data/Week19\ELDON2_20250515_060102.wav
840.0,843.0,Sturnella magna,Eastern Meadowlark,0.0136,D:/AcousticMonitoringData/ELDON2_Data/Week19\ELDON2_20250515_060102.wav
846.0,849.0,Bartramia longicauda,Upland Sandpiper,0.0199,D:/AcousticMonitoringData/ELDON2_Data/Week19\ELDON2_20250515_060102.wav
846.0,849.0,Sturnella magna,Eastern Meadowlark,0.0165,D:/AcousticMonitoringData/ELDON2_Data/Week19\ELDON2_20250515_060102.wav
852.0,855.0,Geothlypis trichas,Common Yellowthroat,0.0221,D:/AcousticMonitoringData/ELDON2_Data/Week19\ELDON2_20250515_060102.wav
861.0,864.0,Geothlypis trichas,Common Yellowthroat,0.0325,D:/AcousticMonitoringData/ELDON2_Data/Week19\ELDON2_20250515_060102.wav
861.0,864.0,Sturnella magna,Eastern Meadowlark,0.0151,D:/AcousticMonitoringData/ELDON2_Data/Week19\ELDON2_20250515_060102.wav
867.0,870.0,Geothlypis trichas,Common Yellowthroat,0.0354,D:/AcousticMonitoringData/ELDON2_Data/Week19\ELDON2_20250515_060102.wav
867.0,870.0,Melospiza melodia,Song Sparrow,0.0233,D:/AcousticMonitoringData/ELDON2_Data/Week19\ELDON2_20250515_060102.wav
870.0,873.0,Geothlypis trichas,Common Yellowthroat,0.0145,D:/AcousticMonitoringData/ELDON2_Data/Week19\ELDON2_20250515_060102.wav
873.0,876.0,Geothlypis trichas,Common Yellowthroat,0.0239,D:/AcousticMonitoringData/ELDON2_Data/Week19\ELDON2_20250515_060102.wav
876.0,879.0,Geothlypis trichas,Common Yellowthroat,0.0917,D:/AcousticMonitoringData/ELDON2_Data/Week19\ELDON2_20250515_060102.wav
876.0,879.0,Sturnella magna,Eastern Meadowlark,0.0110,D:/AcousticMonitoringData/ELDON2_Data/Week19\ELDON2_20250515_060102.wav
879.0,882.0,Geothlypis trichas,Common Yellowthroat,0.0328,D:/AcousticMonitoringData/ELDON2_Data/Week19\ELDON2_20250515_060102.wav
882.0,885.0,Geothlypis trichas,Common Yellowthroat,0.1269,D:/AcousticMonitoringData/ELDON2_Data/Week19\ELDON2_20250515_060102.wav
885.0,888.0,Geothlypis trichas,Common Yellowthroat,0.0162,D:/AcousticMonitoringData/ELDON2_Data/Week19\ELDON2_20250515_060102.wav
888.0,891.0,Geothlypis trichas,Common Yellowthroat,0.0578,D:/AcousticMonitoringData/ELDON2_Data/Week19\ELDON2_20250515_060102.wav
888.0,891.0,Melospiza melodia,Song Sparrow,0.0186,D:/AcousticMonitoringData/ELDON2_Data/Week19\ELDON2_20250515_060102.wav
891.0,894.0,Melospiza melodia,Song Sparrow,0.0255,D:/AcousticMonitoringData/ELDON2_Data/Week19\ELDON2_20250515_060102.wav
891.0,894.0,Geothlypis trichas,Common Yellowthroat,0.0234,D:/AcousticMonitoringData/ELDON2_Data/Week19\ELDON2_20250515_060102.wav
894.0,897.0,Geothlypis trichas,Common Yellowthroat,0.0419,D:/AcousticMonitoringData/ELDON2_Data/Week19\ELDON2_20250515_060102.wav
894.0,897.0,Sturnella magna,Eastern Meadowlark,0.0193,D:/AcousticMonitoringData/ELDON2_Data/Week19\ELDON2_20250515_060102.wav
894.0,897.0,Melospiza melodia,Song Sparrow,0.0105,D:/AcousticMonitoringData/ELDON2_Data/Week19\ELDON2_20250515_060102.wav
897.0,900.0,Geothlypis trichas,Common Yellowthroat,0.0504,D:/AcousticMonitoringData/ELDON2_Data/Week19\ELDON2_20250515_060102.wav
897.0,900.0,Melospiza melodia,Song Sparrow,0.0344,D:/AcousticMonitoringData/ELDON2_Data/Week19\ELDON2_20250515_060102.wav
906.0,909.0,Geothlypis trichas,Common Yellowthroat,0.0153,D:/AcousticMonitoringData/ELDON2_Data/Week19\ELDON2_20250515_060102.wav
909.0,912.0,Geothlypis trichas,Common Yellowthroat,0.0108,D:/AcousticMonitoringData/ELDON2_Data/Week19\ELDON2_20250515_060102.wav
912.0,915.0,Geothlypis trichas,Common Yellowthroat,0.0460,D:/AcousticMonitoringData/ELDON2_Data/Week19\ELDON2_20250515_060102.wav
912.0,915.0,Melospiza melodia,Song Sparrow,0.0101,D:/AcousticMonitoringData/ELDON2_Data/Week19\ELDON2_20250515_060102.wav
915.0,918.0,Geothlypis trichas,Common Yellowthroat,0.0867,D:/AcousticMonitoringData/ELDON2_Data/Week19\ELDON2_20250515_060102.wav
918.0,921.0,Melospiza melodia,Song Sparrow,0.0100,D:/AcousticMonitoringData/ELDON2_Data/Week19\ELDON2_20250515_060102.wav
921.0,924.0,Geothlypis trichas,Common Yellowthroat,0.0105,D:/AcousticMonitoringData/ELDON2_Data/Week19\ELDON2_20250515_060102.wav
924.0,927.0,Geothlypis trichas,Common Yellowthroat,0.0156,D:/AcousticMonitoringData/ELDON2_Data/Week19\ELDON2_20250515_060102.wav
933.0,936.0,Sturnella magna,Eastern Meadowlark,0.0514,D:/AcousticMonitoringData/ELDON2_Data/Week19\ELDON2_20250515_060102.wav
933.0,936.0,Spizella pusilla,Field Sparrow,0.0118,D:/AcousticMonitoringData/ELDON2_Data/Week19\ELDON2_20250515_060102.wav
939.0,942.0,Sturnella magna,Eastern Meadowlark,0.1101,D:/AcousticMonitoringData/ELDON2_Data/Week19\ELDON2_20250515_060102.wav
939.0,942.0,Eremophila alpestris,Horned Lark,0.0150,D:/AcousticMonitoringData/ELDON2_Data/Week19\ELDON2_20250515_060102.wav
945.0,948.0,Sturnella magna,Eastern Meadowlark,0.2955,D:/AcousticMonitoringData/ELDON2_Data/Week19\ELDON2_20250515_060102.wav
945.0,948.0,Geothlypis trichas,Common Yellowthroat,0.0291,D:/AcousticMonitoringData/ELDON2_Data/Week19\ELDON2_20250515_060102.wav
945.0,948.0,Bartramia longicauda,Upland Sandpiper,0.0236,D:/AcousticMonitoringData/ELDON2_Data/Week19\ELDON2_20250515_060102.wav
945.0,948.0,Spizella pusilla,Field Sparrow,0.0155,D:/AcousticMonitoringData/ELDON2_Data/Week19\ELDON2_20250515_060102.wav
945.0,948.0,Passerina caerulea,Blue Grosbeak,0.0133,D:/AcousticMonitoringData/ELDON2_Data/Week19\ELDON2_20250515_060102.wav
948.0,951.0,Geothlypis trichas,Common Yellowthroat,0.0218,D:/AcousticMonitoringData/ELDON2_Data/Week19\ELDON2_20250515_060102.wav
951.0,954.0,Geothlypis trichas,Common Yellowthroat,0.0412,D:/AcousticMonitoringData/ELDON2_Data/Week19\ELDON2_20250515_060102.wav
954.0,957.0,Geothlypis trichas,Common Yellowthroat,0.0696,D:/AcousticMonitoringData/ELDON2_Data/Week19\ELDON2_20250515_060102.wav
957.0,960.0,Sturnella magna,Eastern Meadowlark,0.1282,D:/AcousticMonitoringData/ELDON2_Data/Week19\ELDON2_20250515_060102.wav
957.0,960.0,Geothlypis trichas,Common Yellowthroat,0.0124,D:/AcousticMonitoringData/ELDON2_Data/Week19\ELDON2_20250515_060102.wav
960.0,963.0,Sturnella magna,Eastern Meadowlark,0.0937,D:/AcousticMonitoringData/ELDON2_Data/Week19\ELDON2_20250515_060102.wav
963.0,966.0,Bartramia longicauda,Upland Sandpiper,0.0149,D:/AcousticMonitoringData/ELDON2_Data/Week19\ELDON2_20250515_060102.wav
966.0,969.0,Sturnella magna,Eastern Meadowlark,0.3066,D:/AcousticMonitoringData/ELDON2_Data/Week19\ELDON2_20250515_060102.wav
966.0,969.0,Geothlypis trichas,Common Yellowthroat,0.0269,D:/AcousticMonitoringData/ELDON2_Data/Week19\ELDON2_20250515_060102.wav
969.0,972.0,Geothlypis trichas,Common Yellowthroat,0.0852,D:/AcousticMonitoringData/ELDON2_Data/Week19\ELDON2_20250515_060102.wav
969.0,972.0,Melospiza melodia,Song Sparrow,0.0549,D:/AcousticMonitoringData/ELDON2_Data/Week19\ELDON2_20250515_060102.wav
972.0,975.0,Geothlypis trichas,Common Yellowthroat,0.0220,D:/AcousticMonitoringData/ELDON2_Data/Week19\ELDON2_20250515_060102.wav
975.0,978.0,Geothlypis trichas,Common Yellowthroat,0.0642,D:/AcousticMonitoringData/ELDON2_Data/Week19\ELDON2_20250515_060102.wav
978.0,981.0,Geothlypis trichas,Common Yellowthroat,0.0222,D:/AcousticMonitoringData/ELDON2_Data/Week19\ELDON2_20250515_060102.wav
981.0,984.0,Geothlypis trichas,Common Yellowthroat,0.0185,D:/AcousticMonitoringData/ELDON2_Data/Week19\ELDON2_20250515_060102.wav
984.0,987.0,Geothlypis trichas,Common Yellowthroat,0.0200,D:/AcousticMonitoringData/ELDON2_Data/Week19\ELDON2_20250515_060102.wav
987.0,990.0,Sturnella magna,Eastern Meadowlark,0.2157,D:/AcousticMonitoringData/ELDON2_Data/Week19\ELDON2_20250515_060102.wav
987.0,990.0,Geothlypis trichas,Common Yellowthroat,0.0156,D:/AcousticMonitoringData/ELDON2_Data/Week19\ELDON2_20250515_060102.wav
993.0,996.0,Geothlypis trichas,Common Yellowthroat,0.0127,D:/AcousticMonitoringData/ELDON2_Data/Week19\ELDON2_20250515_060102.wav
996.0,999.0,Sturnella magna,Eastern Meadowlark,0.2618,D:/AcousticMonitoringData/ELDON2_Data/Week19\ELDON2_20250515_060102.wav
996.0,999.0,Geothlypis trichas,Common Yellowthroat,0.0187,D:/AcousticMonitoringData/ELDON2_Data/Week19\ELDON2_20250515_060102.wav
996.0,999.0,Bartramia longicauda,Upland Sandpiper,0.0116,D:/AcousticMonitoringData/ELDON2_Data/Week19\ELDON2_20250515_060102.wav
999.0,1002.0,Sturnella magna,Eastern Meadowlark,0.2822,D:/AcousticMonitoringData/ELDON2_Data/Week19\ELDON2_20250515_060102.wav
1002.0,1005.0,Geothlypis trichas,Common Yellowthroat,0.0481,D:/AcousticMonitoringData/ELDON2_Data/Week19\ELDON2_20250515_060102.wav
1002.0,1005.0,Melospiza melodia,Song Sparrow,0.0140,D:/AcousticMonitoringData/ELDON2_Data/Week19\ELDON2_20250515_060102.wav
1005.0,1008.0,Geothlypis trichas,Common Yellowthroat,0.0331,D:/AcousticMonitoringData/ELDON2_Data/Week19\ELDON2_20250515_060102.wav
1008.0,1011.0,Geothlypis trichas,Common Yellowthroat,0.0286,D:/AcousticMonitoringData/ELDON2_Data/Week19\ELDON2_20250515_060102.wav
1011.0,1014.0,Geothlypis trichas,Common Yellowthroat,0.0531,D:/AcousticMonitoringData/ELDON2_Data/Week19\ELDON2_20250515_060102.wav
1011.0,1014.0,Melospiza melodia,Song Sparrow,0.0134,D:/AcousticMonitoringData/ELDON2_Data/Week19\ELDON2_20250515_060102.wav
1011.0,1014.0,Sturnella magna,Eastern Meadowlark,0.0115,D:/AcousticMonitoringData/ELDON2_Data/Week19\ELDON2_20250515_060102.wav
1014.0,1017.0,Sturnella magna,Eastern Meadowlark,0.1480,D:/AcousticMonitoringData/ELDON2_Data/Week19\ELDON2_20250515_060102.wav
1014.0,1017.0,Geothlypis trichas,Common Yellowthroat,0.0621,D:/AcousticMonitoringData/ELDON2_Data/Week19\ELDON2_20250515_060102.wav
1014.0,1017.0,Bartramia longicauda,Upland Sandpiper,0.0196,D:/AcousticMonitoringData/ELDON2_Data/Week19\ELDON2_20250515_060102.wav
1020.0,1023.0,Sturnella magna,Eastern Meadowlark,0.2630,D:/AcousticMonitoringData/ELDON2_Data/Week19\ELDON2_20250515_060102.wav
1020.0,1023.0,Geothlypis trichas,Common Yellowthroat,0.0526,D:/AcousticMonitoringData/ELDON2_Data/Week19\ELDON2_20250515_060102.wav
1020.0,1023.0,Spizella pusilla,Field Sparrow,0.0153,D:/AcousticMonitoringData/ELDON2_Data/Week19\ELDON2_20250515_060102.wav
1023.0,1026.0,Sturnella magna,Eastern Meadowlark,0.0409,D:/AcousticMonitoringData/ELDON2_Data/Week19\ELDON2_20250515_060102.wav
1026.0,1029.0,Geothlypis trichas,Common Yellowthroat,0.1440,D:/AcousticMonitoringData/ELDON2_Data/Week19\ELDON2_20250515_060102.wav
1026.0,1029.0,Melospiza melodia,Song Sparrow,0.0169,D:/AcousticMonitoringData/ELDON2_Data/Week19\ELDON2_20250515_060102.wav
1029.0,1032.0,Geothlypis trichas,Common Yellowthroat,0.0115,D:/AcousticMonitoringData/ELDON2_Data/Week19\ELDON2_20250515_060102.wav
1032.0,1035.0,Geothlypis trichas,Common Yellowthroat,0.0105,D:/AcousticMonitoringData/ELDON2_Data/Week19\ELDON2_20250515_060102.wav
1035.0,1038.0,Geothlypis trichas,Common Yellowthroat,0.2493,D:/AcousticMonitoringData/ELDON2_Data/Week19\ELDON2_20250515_060102.wav
1038.0,1041.0,Sturnella magna,Eastern Meadowlark,0.0884,D:/AcousticMonitoringData/ELDON2_Data/Week19\ELDON2_20250515_060102.wav
1038.0,1041.0,Geothlypis trichas,Common Yellowthroat,0.0449,D:/AcousticMonitoringData/ELDON2_Data/Week19\ELDON2_20250515_060102.wav
1038.0,1041.0,Bartramia longicauda,Upland Sandpiper,0.0144,D:/AcousticMonitoringData/ELDON2_Data/Week19\ELDON2_20250515_060102.wav
1041.0,1044.0,Sturnella magna,Eastern Meadowlark,0.0737,D:/AcousticMonitoringData/ELDON2_Data/Week19\ELDON2_20250515_060102.wav
1041.0,1044.0,Geothlypis trichas,Common Yellowthroat,0.0489,D:/AcousticMonitoringData/ELDON2_Data/Week19\ELDON2_20250515_060102.wav
1041.0,1044.0,Melospiza melodia,Song Sparrow,0.0168,D:/AcousticMonitoringData/ELDON2_Data/Week19\ELDON2_20250515_060102.wav
1041.0,1044.0,Bartramia longicauda,Upland Sandpiper,0.0154,D:/AcousticMonitoringData/ELDON2_Data/Week19\ELDON2_20250515_060102.wav
1044.0,1047.0,Geothlypis trichas,Common Yellowthroat,0.2118,D:/AcousticMonitoringData/ELDON2_Data/Week19\ELDON2_20250515_060102.wav
1047.0,1050.0,Geothlypis trichas,Common Yellowthroat,0.0415,D:/AcousticMonitoringData/ELDON2_Data/Week19\ELDON2_20250515_060102.wav
1047.0,1050.0,Sturnella magna,Eastern Meadowlark,0.0362,D:/AcousticMonitoringData/ELDON2_Data/Week19\ELDON2_20250515_060102.wav
1050.0,1053.0,Geothlypis trichas,Common Yellowthroat,0.0463,D:/AcousticMonitoringData/ELDON2_Data/Week19\ELDON2_20250515_060102.wav
1053.0,1056.0,Geothlypis trichas,Common Yellowthroat,0.1403,D:/AcousticMonitoringData/ELDON2_Data/Week19\ELDON2_20250515_060102.wav
1053.0,1056.0,Melospiza melodia,Song Sparrow,0.0202,D:/AcousticMonitoringData/ELDON2_Data/Week19\ELDON2_20250515_060102.wav
1056.0,1059.0,Sturnella magna,Eastern Meadowlark,0.2215,D:/AcousticMonitoringData/ELDON2_Data/Week19\ELDON2_20250515_060102.wav
1056.0,1059.0,Geothlypis trichas,Common Yellowthroat,0.0220,D:/AcousticMonitoringData/ELDON2_Data/Week19\ELDON2_20250515_060102.wav
1059.0,1062.0,Sturnella magna,Eastern Meadowlark,0.1214,D:/AcousticMonitoringData/ELDON2_Data/Week19\ELDON2_20250515_060102.wav
1059.0,1062.0,Geothlypis trichas,Common Yellowthroat,0.0467,D:/AcousticMonitoringData/ELDON2_Data/Week19\ELDON2_20250515_060102.wav
1059.0,1062.0,Bartramia longicauda,Upland Sandpiper,0.0103,D:/AcousticMonitoringData/ELDON2_Data/Week19\ELDON2_20250515_060102.wav
1062.0,1065.0,Geothlypis trichas,Common Yellowthroat,0.0634,D:/AcousticMonitoringData/ELDON2_Data/Week19\ELDON2_20250515_060102.wav
1062.0,1065.0,Melospiza melodia,Song Sparrow,0.0185,D:/AcousticMonitoringData/ELDON2_Data/Week19\ELDON2_20250515_060102.wav
1065.0,1068.0,Geothlypis trichas,Common Yellowthroat,0.1854,D:/AcousticMonitoringData/ELDON2_Data/Week19\ELDON2_20250515_060102.wav
1068.0,1071.0,Sturnella magna,Eastern Meadowlark,0.0710,D:/AcousticMonitoringData/ELDON2_Data/Week19\ELDON2_20250515_060102.wav
1068.0,1071.0,Geothlypis trichas,Common Yellowthroat,0.0709,D:/AcousticMonitoringData/ELDON2_Data/Week19\ELDON2_20250515_060102.wav
1068.0,1071.0,Melospiza melodia,Song Sparrow,0.0124,D:/AcousticMonitoringData/ELDON2_Data/Week19\ELDON2_20250515_060102.wav
1071.0,1074.0,Geothlypis trichas,Common Yellowthroat,0.0700,D:/AcousticMonitoringData/ELDON2_Data/Week19\ELDON2_20250515_060102.wav
1074.0,1077.0,Geothlypis trichas,Common Yellowthroat,0.1070,D:/AcousticMonitoringData/ELDON2_Data/Week19\ELDON2_20250515_060102.wav
1077.0,1080.0,Geothlypis trichas,Common Yellowthroat,0.1116,D:/AcousticMonitoringData/ELDON2_Data/Week19\ELDON2_20250515_060102.wav
1077.0,1080.0,Melospiza melodia,Song Sparrow,0.0187,D:/AcousticMonitoringData/ELDON2_Data/Week19\ELDON2_20250515_060102.wav
1080.0,1083.0,Geothlypis trichas,Common Yellowthroat,0.0546,D:/AcousticMonitoringData/ELDON2_Data/Week19\ELDON2_20250515_060102.wav
1080.0,1083.0,Melospiza melodia,Song Sparrow,0.0141,D:/AcousticMonitoringData/ELDON2_Data/Week19\ELDON2_20250515_060102.wav
1083.0,1086.0,Geothlypis trichas,Common Yellowthroat,0.0581,D:/AcousticMonitoringData/ELDON2_Data/Week19\ELDON2_20250515_060102.wav
1083.0,1086.0,Melospiza melodia,Song Sparrow,0.0294,D:/AcousticMonitoringData/ELDON2_Data/Week19\ELDON2_20250515_060102.wav
1086.0,1089.0,Sturnella magna,Eastern Meadowlark,0.4031,D:/AcousticMonitoringData/ELDON2_Data/Week19\ELDON2_20250515_060102.wav
1086.0,1089.0,Geothlypis trichas,Common Yellowthroat,0.0595,D:/AcousticMonitoringData/ELDON2_Data/Week19\ELDON2_20250515_060102.wav
1086.0,1089.0,Bartramia longicauda,Upland Sandpiper,0.0128,D:/AcousticMonitoringData/ELDON2_Data/Week19\ELDON2_20250515_060102.wav
1086.0,1089.0,Melospiza melodia,Song Sparrow,0.0105,D:/AcousticMonitoringData/ELDON2_Data/Week19\ELDON2_20250515_060102.wav
1089.0,1092.0,Sturnella magna,Eastern Meadowlark,0.0851,D:/AcousticMonitoringData/ELDON2_Data/Week19\ELDON2_20250515_060102.wav
1089.0,1092.0,Bartramia longicauda,Upland Sandpiper,0.0674,D:/AcousticMonitoringData/ELDON2_Data/Week19\ELDON2_20250515_060102.wav
1089.0,1092.0,Eremophila alpestris,Horned Lark,0.0159,D:/AcousticMonitoringData/ELDON2_Data/Week19\ELDON2_20250515_060102.wav
1092.0,1095.0,Geothlypis trichas,Common Yellowthroat,0.0355,D:/AcousticMonitoringData/ELDON2_Data/Week19\ELDON2_20250515_060102.wav
1092.0,1095.0,Melospiza melodia,Song Sparrow,0.0272,D:/AcousticMonitoringData/ELDON2_Data/Week19\ELDON2_20250515_060102.wav
1095.0,1098.0,Sturnella magna,Eastern Meadowlark,0.1596,D:/AcousticMonitoringData/ELDON2_Data/Week19\ELDON2_20250515_060102.wav
1095.0,1098.0,Geothlypis trichas,Common Yellowthroat,0.0304,D:/AcousticMonitoringData/ELDON2_Data/Week19\ELDON2_20250515_060102.wav
1095.0,1098.0,Melospiza melodia,Song Sparrow,0.0270,D:/AcousticMonitoringData/ELDON2_Data/Week19\ELDON2_20250515_060102.wav
1095.0,1098.0,Bartramia longicauda,Upland Sandpiper,0.0149,D:/AcousticMonitoringData/ELDON2_Data/Week19\ELDON2_20250515_060102.wav
1098.0,1101.0,Geothlypis trichas,Common Yellowthroat,0.0701,D:/AcousticMonitoringData/ELDON2_Data/Week19\ELDON2_20250515_060102.wav
1098.0,1101.0,Melospiza melodia,Song Sparrow,0.0317,D:/AcousticMonitoringData/ELDON2_Data/Week19\ELDON2_20250515_060102.wav
1101.0,1104.0,Geothlypis trichas,Common Yellowthroat,0.0581,D:/AcousticMonitoringData/ELDON2_Data/Week19\ELDON2_20250515_060102.wav
1101.0,1104.0,Melospiza melodia,Song Sparrow,0.0107,D:/AcousticMonitoringData/ELDON2_Data/Week19\ELDON2_20250515_060102.wav
1104.0,1107.0,Sturnella magna,Eastern Meadowlark,0.2873,D:/AcousticMonitoringData/ELDON2_Data/Week19\ELDON2_20250515_060102.wav
1104.0,1107.0,Geothlypis trichas,Common Yellowthroat,0.0500,D:/AcousticMonitoringData/ELDON2_Data/Week19\ELDON2_20250515_060102.wav
1107.0,1110.0,Geothlypis trichas,Common Yellowthroat,0.0500,D:/AcousticMonitoringData/ELDON2_Data/Week19\ELDON2_20250515_060102.wav
1107.0,1110.0,Melospiza melodia,Song Sparrow,0.0328,D:/AcousticMonitoringData/ELDON2_Data/Week19\ELDON2_20250515_060102.wav
1110.0,1113.0,Geothlypis trichas,Common Yellowthroat,0.0273,D:/AcousticMonitoringData/ELDON2_Data/Week19\ELDON2_20250515_060102.wav
1110.0,1113.0,Melospiza melodia,Song Sparrow,0.0247,D:/AcousticMonitoringData/ELDON2_Data/Week19\ELDON2_20250515_060102.wav
1113.0,1116.0,Sturnella magna,Eastern Meadowlark,0.0603,D:/AcousticMonitoringData/ELDON2_Data/Week19\ELDON2_20250515_060102.wav
1113.0,1116.0,Bartramia longicauda,Upland Sandpiper,0.0104,D:/AcousticMonitoringData/ELDON2_Data/Week19\ELDON2_20250515_060102.wav
1116.0,1119.0,Sturnella magna,Eastern Meadowlark,0.2981,D:/AcousticMonitoringData/ELDON2_Data/Week19\ELDON2_20250515_060102.wav
1116.0,1119.0,Geothlypis trichas,Common Yellowthroat,0.0347,D:/AcousticMonitoringData/ELDON2_Data/Week19\ELDON2_20250515_060102.wav
1116.0,1119.0,Bartramia longicauda,Upland Sandpiper,0.0238,D:/AcousticMonitoringData/ELDON2_Data/Week19\ELDON2_20250515_060102.wav
1119.0,1122.0,Geothlypis trichas,Common Yellowthroat,0.0679,D:/AcousticMonitoringData/ELDON2_Data/Week19\ELDON2_20250515_060102.wav
1122.0,1125.0,Sturnella magna,Eastern Meadowlark,0.2439,D:/AcousticMonitoringData/ELDON2_Data/Week19\ELDON2_20250515_060102.wav
1125.0,1128.0,Geothlypis trichas,Common Yellowthroat,0.0455,D:/AcousticMonitoringData/ELDON2_Data/Week19\ELDON2_20250515_060102.wav
1125.0,1128.0,Melospiza melodia,Song Sparrow,0.0198,D:/AcousticMonitoringData/ELDON2_Data/Week19\ELDON2_20250515_060102.wav
1128.0,1131.0,Sturnella magna,Eastern Meadowlark,0.0518,D:/AcousticMonitoringData/ELDON2_Data/Week19\ELDON2_20250515_060102.wav
1128.0,1131.0,Spizella pusilla,Field Sparrow,0.0147,D:/AcousticMonitoringData/ELDON2_Data/Week19\ELDON2_20250515_060102.wav
1128.0,1131.0,Geothlypis trichas,Common Yellowthroat,0.0115,D:/AcousticMonitoringData/ELDON2_Data/Week19\ELDON2_20250515_060102.wav
1131.0,1134.0,Sturnella magna,Eastern Meadowlark,0.4927,D:/AcousticMonitoringData/ELDON2_Data/Week19\ELDON2_20250515_060102.wav
1134.0,1137.0,Geothlypis trichas,Common Yellowthroat,0.0174,D:/AcousticMonitoringData/ELDON2_Data/Week19\ELDON2_20250515_060102.wav
1137.0,1140.0,Geothlypis trichas,Common Yellowthroat,0.0376,D:/AcousticMonitoringData/ELDON2_Data/Week19\ELDON2_20250515_060102.wav
1140.0,1143.0,Sturnella magna,Eastern Meadowlark,0.0547,D:/AcousticMonitoringData/ELDON2_Data/Week19\ELDON2_20250515_060102.wav
1140.0,1143.0,Bartramia longicauda,Upland Sandpiper,0.0101,D:/AcousticMonitoringData/ELDON2_Data/Week19\ELDON2_20250515_060102.wav
1143.0,1146.0,Geothlypis trichas,Common Yellowthroat,0.0102,D:/AcousticMonitoringData/ELDON2_Data/Week19\ELDON2_20250515_060102.wav
1146.0,1149.0,Sturnella magna,Eastern Meadowlark,0.2063,D:/AcousticMonitoringData/ELDON2_Data/Week19\ELDON2_20250515_060102.wav
1146.0,1149.0,Bartramia longicauda,Upland Sandpiper,0.0880,D:/AcousticMonitoringData/ELDON2_Data/Week19\ELDON2_20250515_060102.wav
1146.0,1149.0,Geothlypis trichas,Common Yellowthroat,0.0111,D:/AcousticMonitoringData/ELDON2_Data/Week19\ELDON2_20250515_060102.wav
1149.0,1152.0,Sturnella magna,Eastern Meadowlark,0.4250,D:/AcousticMonitoringData/ELDON2_Data/Week19\ELDON2_20250515_060102.wav
1149.0,1152.0,Bartramia longicauda,Upland Sandpiper,0.0652,D:/AcousticMonitoringData/ELDON2_Data/Week19\ELDON2_20250515_060102.wav
1149.0,1152.0,Geothlypis trichas,Common Yellowthroat,0.0164,D:/AcousticMonitoringData/ELDON2_Data/Week19\ELDON2_20250515_060102.wav
1149.0,1152.0,Spizella pusilla,Field Sparrow,0.0151,D:/AcousticMonitoringData/ELDON2_Data/Week19\ELDON2_20250515_060102.wav
1149.0,1152.0,Melospiza melodia,Song Sparrow,0.0126,D:/AcousticMonitoringData/ELDON2_Data/Week19\ELDON2_20250515_060102.wav
1152.0,1155.0,Geothlypis trichas,Common Yellowthroat,0.0892,D:/AcousticMonitoringData/ELDON2_Data/Week19\ELDON2_20250515_060102.wav
1155.0,1158.0,Geothlypis trichas,Common Yellowthroat,0.1397,D:/AcousticMonitoringData/ELDON2_Data/Week19\ELDON2_20250515_060102.wav
1155.0,1158.0,Melospiza melodia,Song Sparrow,0.0175,D:/AcousticMonitoringData/ELDON2_Data/Week19\ELDON2_20250515_060102.wav
1158.0,1161.0,Sturnella magna,Eastern Meadowlark,0.1062,D:/AcousticMonitoringData/ELDON2_Data/Week19\ELDON2_20250515_060102.wav
1158.0,1161.0,Geothlypis trichas,Common Yellowthroat,0.0936,D:/AcousticMonitoringData/ELDON2_Data/Week19\ELDON2_20250515_060102.wav
1158.0,1161.0,Melospiza melodia,Song Sparrow,0.0100,D:/AcousticMonitoringData/ELDON2_Data/Week19\ELDON2_20250515_060102.wav
1164.0,1167.0,Geothlypis trichas,Common Yellowthroat,0.0178,D:/AcousticMonitoringData/ELDON2_Data/Week19\ELDON2_20250515_060102.wav
1167.0,1170.0,Sturnella magna,Eastern Meadowlark,0.0921,D:/AcousticMonitoringData/ELDON2_Data/Week19\ELDON2_20250515_060102.wav
1167.0,1170.0,Spizella pusilla,Field Sparrow,0.0133,D:/AcousticMonitoringData/ELDON2_Data/Week19\ELDON2_20250515_060102.wav
1170.0,1173.0,Geothlypis trichas,Common Yellowthroat,0.0691,D:/AcousticMonitoringData/ELDON2_Data/Week19\ELDON2_20250515_060102.wav
1170.0,1173.0,Melospiza melodia,Song Sparrow,0.0131,D:/AcousticMonitoringData/ELDON2_Data/Week19\ELDON2_20250515_060102.wav
1173.0,1176.0,Geothlypis trichas,Common Yellowthroat,0.0414,D:/AcousticMonitoringData/ELDON2_Data/Week19\ELDON2_20250515_060102.wav
1176.0,1179.0,Sturnella magna,Eastern Meadowlark,0.1280,D:/AcousticMonitoringData/ELDON2_Data/Week19\ELDON2_20250515_060102.wav
1176.0,1179.0,Bartramia longicauda,Upland Sandpiper,0.0239,D:/AcousticMonitoringData/ELDON2_Data/Week19\ELDON2_20250515_060102.wav
1176.0,1179.0,Geothlypis trichas,Common Yellowthroat,0.0218,D:/AcousticMonitoringData/ELDON2_Data/Week19\ELDON2_20250515_060102.wav
1179.0,1182.0,Geothlypis trichas,Common Yellowthroat,0.0134,D:/AcousticMonitoringData/ELDON2_Data/Week19\ELDON2_20250515_060102.wav
1182.0,1185.0,Bartramia longicauda,Upland Sandpiper,0.0648,D:/AcousticMonitoringData/ELDON2_Data/Week19\ELDON2_20250515_060102.wav
1182.0,1185.0,Eremophila alpestris,Horned Lark,0.0341,D:/AcousticMonitoringData/ELDON2_Data/Week19\ELDON2_20250515_060102.wav
1182.0,1185.0,Geothlypis trichas,Common Yellowthroat,0.0326,D:/AcousticMonitoringData/ELDON2_Data/Week19\ELDON2_20250515_060102.wav
1182.0,1185.0,Sturnella magna,Eastern Meadowlark,0.0213,D:/AcousticMonitoringData/ELDON2_Data/Week19\ELDON2_20250515_060102.wav
1182.0,1185.0,Melospiza melodia,Song Sparrow,0.0131,D:/AcousticMonitoringData/ELDON2_Data/Week19\ELDON2_20250515_060102.wav
1185.0,1188.0,Sturnella magna,Eastern Meadowlark,0.0526,D:/AcousticMonitoringData/ELDON2_Data/Week19\ELDON2_20250515_060102.wav
1185.0,1188.0,Melospiza melodia,Song Sparrow,0.0363,D:/AcousticMonitoringData/ELDON2_Data/Week19\ELDON2_20250515_060102.wav
1185.0,1188.0,Geothlypis trichas,Common Yellowthroat,0.0346,D:/AcousticMonitoringData/ELDON2_Data/Week19\ELDON2_20250515_060102.wav
1188.0,1191.0,Geothlypis trichas,Common Yellowthroat,0.1444,D:/AcousticMonitoringData/ELDON2_Data/Week19\ELDON2_20250515_060102.wav
1188.0,1191.0,Melospiza melodia,Song Sparrow,0.0144,D:/AcousticMonitoringData/ELDON2_Data/Week19\ELDON2_20250515_060102.wav
1191.0,1194.0,Geothlypis trichas,Common Yellowthroat,0.0262,D:/AcousticMonitoringData/ELDON2_Data/Week19\ELDON2_20250515_060102.wav
1194.0,1197.0,Geothlypis trichas,Common Yellowthroat,0.0509,D:/AcousticMonitoringData/ELDON2_Data/Week19\ELDON2_20250515_060102.wav
1194.0,1197.0,Melospiza melodia,Song Sparrow,0.0144,D:/AcousticMonitoringData/ELDON2_Data/Week19\ELDON2_20250515_060102.wav
1197.0,1200.0,Geothlypis trichas,Common Yellowthroat,0.0810,D:/AcousticMonitoringData/ELDON2_Data/Week19\ELDON2_20250515_060102.wav
1197.0,1200.0,Melospiza melodia,Song Sparrow,0.0141,D:/AcousticMonitoringData/ELDON2_Data/Week19\ELDON2_20250515_060102.wav
1200.0,1203.0,Sturnella magna,Eastern Meadowlark,0.3943,D:/AcousticMonitoringData/ELDON2_Data/Week19\ELDON2_20250515_060102.wav
1200.0,1203.0,Geothlypis trichas,Common Yellowthroat,0.0773,D:/AcousticMonitoringData/ELDON2_Data/Week19\ELDON2_20250515_060102.wav
1200.0,1203.0,Melospiza melodia,Song Sparrow,0.0199,D:/AcousticMonitoringData/ELDON2_Data/Week19\ELDON2_20250515_060102.wav
1200.0,1203.0,Bartramia longicauda,Upland Sandpiper,0.0138,D:/AcousticMonitoringData/ELDON2_Data/Week19\ELDON2_20250515_060102.wav
1200.0,1203.0,Spizella pusilla,Field Sparrow,0.0133,D:/AcousticMonitoringData/ELDON2_Data/Week19\ELDON2_20250515_060102.wav
1209.0,1212.0,Eremophila alpestris,Horned Lark,0.0218,D:/AcousticMonitoringData/ELDON2_Data/Week19\ELDON2_20250515_060102.wav
1209.0,1212.0,Sturnella magna,Eastern Meadowlark,0.0209,D:/AcousticMonitoringData/ELDON2_Data/Week19\ELDON2_20250515_060102.wav
1212.0,1215.0,Geothlypis trichas,Common Yellowthroat,0.0399,D:/AcousticMonitoringData/ELDON2_Data/Week19\ELDON2_20250515_060102.wav
1212.0,1215.0,Melospiza melodia,Song Sparrow,0.0158,D:/AcousticMonitoringData/ELDON2_Data/Week19\ELDON2_20250515_060102.wav
1215.0,1218.0,Geothlypis trichas,Common Yellowthroat,0.1539,D:/AcousticMonitoringData/ELDON2_Data/Week19\ELDON2_20250515_060102.wav
1218.0,1221.0,Geothlypis trichas,Common Yellowthroat,0.1650,D:/AcousticMonitoringData/ELDON2_Data/Week19\ELDON2_20250515_060102.wav
1221.0,1224.0,Geothlypis trichas,Common Yellowthroat,0.2272,D:/AcousticMonitoringData/ELDON2_Data/Week19\ELDON2_20250515_060102.wav
1224.0,1227.0,Geothlypis trichas,Common Yellowthroat,0.3063,D:/AcousticMonitoringData/ELDON2_Data/Week19\ELDON2_20250515_060102.wav
1227.0,1230.0,Geothlypis trichas,Common Yellowthroat,0.2137,D:/AcousticMonitoringData/ELDON2_Data/Week19\ELDON2_20250515_060102.wav
1227.0,1230.0,Melospiza melodia,Song Sparrow,0.0273,D:/AcousticMonitoringData/ELDON2_Data/Week19\ELDON2_20250515_060102.wav
1230.0,1233.0,Sturnella magna,Eastern Meadowlark,0.1175,D:/AcousticMonitoringData/ELDON2_Data/Week19\ELDON2_20250515_060102.wav
1230.0,1233.0,Spizella pusilla,Field Sparrow,0.0716,D:/AcousticMonitoringData/ELDON2_Data/Week19\ELDON2_20250515_060102.wav
1230.0,1233.0,Geothlypis trichas,Common Yellowthroat,0.0385,D:/AcousticMonitoringData/ELDON2_Data/Week19\ELDON2_20250515_060102.wav
1230.0,1233.0,Bartramia longicauda,Upland Sandpiper,0.0133,D:/AcousticMonitoringData/ELDON2_Data/Week19\ELDON2_20250515_060102.wav
1233.0,1236.0,Sturnella magna,Eastern Meadowlark,0.0778,D:/AcousticMonitoringData/ELDON2_Data/Week19\ELDON2_20250515_060102.wav
1233.0,1236.0,Geothlypis trichas,Common Yellowthroat,0.0554,D:/AcousticMonitoringData/ELDON2_Data/Week19\ELDON2_20250515_060102.wav
1233.0,1236.0,Melospiza melodia,Song Sparrow,0.0140,D:/AcousticMonitoringData/ELDON2_Data/Week19\ELDON2_20250515_060102.wav
1236.0,1239.0,Geothlypis trichas,Common Yellowthroat,0.1749,D:/AcousticMonitoringData/ELDON2_Data/Week19\ELDON2_20250515_060102.wav
1239.0,1242.0,Geothlypis trichas,Common Yellowthroat,0.0580,D:/AcousticMonitoringData/ELDON2_Data/Week19\ELDON2_20250515_060102.wav
1239.0,1242.0,Melospiza melodia,Song Sparrow,0.0138,D:/AcousticMonitoringData/ELDON2_Data/Week19\ELDON2_20250515_060102.wav
1242.0,1245.0,Geothlypis trichas,Common Yellowthroat,0.0850,D:/AcousticMonitoringData/ELDON2_Data/Week19\ELDON2_20250515_060102.wav
1245.0,1248.0,Geothlypis trichas,Common Yellowthroat,0.0399,D:/AcousticMonitoringData/ELDON2_Data/Week19\ELDON2_20250515_060102.wav
1245.0,1248.0,Bartramia longicauda,Upland Sandpiper,0.0272,D:/AcousticMonitoringData/ELDON2_Data/Week19\ELDON2_20250515_060102.wav
1245.0,1248.0,Sturnella magna,Eastern Meadowlark,0.0212,D:/AcousticMonitoringData/ELDON2_Data/Week19\ELDON2_20250515_060102.wav
1245.0,1248.0,Melospiza melodia,Song Sparrow,0.0191,D:/AcousticMonitoringData/ELDON2_Data/Week19\ELDON2_20250515_060102.wav
1248.0,1251.0,Geothlypis trichas,Common Yellowthroat,0.0202,D:/AcousticMonitoringData/ELDON2_Data/Week19\ELDON2_20250515_060102.wav
1251.0,1254.0,Geothlypis trichas,Common Yellowthroat,0.0694,D:/AcousticMonitoringData/ELDON2_Data/Week19\ELDON2_20250515_060102.wav
1254.0,1257.0,Geothlypis trichas,Common Yellowthroat,0.0485,D:/AcousticMonitoringData/ELDON2_Data/Week19\ELDON2_20250515_060102.wav
1254.0,1257.0,Melospiza melodia,Song Sparrow,0.0135,D:/AcousticMonitoringData/ELDON2_Data/Week19\ELDON2_20250515_060102.wav
1257.0,1260.0,Geothlypis trichas,Common Yellowthroat,0.0608,D:/AcousticMonitoringData/ELDON2_Data/Week19\ELDON2_20250515_060102.wav
1257.0,1260.0,Sturnella magna,Eastern Meadowlark,0.0525,D:/AcousticMonitoringData/ELDON2_Data/Week19\ELDON2_20250515_060102.wav
1257.0,1260.0,Melospiza melodia,Song Sparrow,0.0243,D:/AcousticMonitoringData/ELDON2_Data/Week19\ELDON2_20250515_060102.wav
1257.0,1260.0,Spizella pusilla,Field Sparrow,0.0216,D:/AcousticMonitoringData/ELDON2_Data/Week19\ELDON2_20250515_060102.wav
1260.0,1263.0,Sturnella magna,Eastern Meadowlark,0.2754,D:/AcousticMonitoringData/ELDON2_Data/Week19\ELDON2_20250515_060102.wav
1260.0,1263.0,Geothlypis trichas,Common Yellowthroat,0.0719,D:/AcousticMonitoringData/ELDON2_Data/Week19\ELDON2_20250515_060102.wav
1263.0,1266.0,Geothlypis trichas,Common Yellowthroat,0.0136,D:/AcousticMonitoringData/ELDON2_Data/Week19\ELDON2_20250515_060102.wav
1266.0,1269.0,Sturnella magna,Eastern Meadowlark,0.0122,D:/AcousticMonitoringData/ELDON2_Data/Week19\ELDON2_20250515_060102.wav
1269.0,1272.0,Sturnella magna,Eastern Meadowlark,0.1254,D:/AcousticMonitoringData/ELDON2_Data/Week19\ELDON2_20250515_060102.wav
1269.0,1272.0,Eremophila alpestris,Horned Lark,0.0137,D:/AcousticMonitoringData/ELDON2_Data/Week19\ELDON2_20250515_060102.wav
1272.0,1275.0,Sturnella magna,Eastern Meadowlark,0.1116,D:/AcousticMonitoringData/ELDON2_Data/Week19\ELDON2_20250515_060102.wav
1272.0,1275.0,Geothlypis trichas,Common Yellowthroat,0.0759,D:/AcousticMonitoringData/ELDON2_Data/Week19\ELDON2_20250515_060102.wav
1272.0,1275.0,Melospiza melodia,Song Sparrow,0.0212,D:/AcousticMonitoringData/ELDON2_Data/Week19\ELDON2_20250515_060102.wav
1275.0,1278.0,Geothlypis trichas,Common Yellowthroat,0.0324,D:/AcousticMonitoringData/ELDON2_Data/Week19\ELDON2_20250515_060102.wav
1278.0,1281.0,Eremophila alpestris,Horned Lark,0.0241,D:/AcousticMonitoringData/ELDON2_Data/Week19\ELDON2_20250515_060102.wav
1278.0,1281.0,Sturnella magna,Eastern Meadowlark,0.0141,D:/AcousticMonitoringData/ELDON2_Data/Week19\ELDON2_20250515_060102.wav
1281.0,1284.0,Sturnella magna,Eastern Meadowlark,0.5587,D:/AcousticMonitoringData/ELDON2_Data/Week19\ELDON2_20250515_060102.wav
1281.0,1284.0,Bartramia longicauda,Upland Sandpiper,0.0302,D:/AcousticMonitoringData/ELDON2_Data/Week19\ELDON2_20250515_060102.wav
1281.0,1284.0,Geothlypis trichas,Common Yellowthroat,0.0137,D:/AcousticMonitoringData/ELDON2_Data/Week19\ELDON2_20250515_060102.wav
1284.0,1287.0,Geothlypis trichas,Common Yellowthroat,0.0603,D:/AcousticMonitoringData/ELDON2_Data/Week19\ELDON2_20250515_060102.wav
1284.0,1287.0,Melospiza melodia,Song Sparrow,0.0160,D:/AcousticMonitoringData/ELDON2_Data/Week19\ELDON2_20250515_060102.wav
1287.0,1290.0,Sturnella magna,Eastern Meadowlark,0.9962,D:/AcousticMonitoringData/ELDON2_Data/Week19\ELDON2_20250515_060102.wav
1290.0,1293.0,Sturnella magna,Eastern Meadowlark,0.5848,D:/AcousticMonitoringData/ELDON2_Data/Week19\ELDON2_20250515_060102.wav
1290.0,1293.0,Bartramia longicauda,Upland Sandpiper,0.0445,D:/AcousticMonitoringData/ELDON2_Data/Week19\ELDON2_20250515_060102.wav
1290.0,1293.0,Passerina caerulea,Blue Grosbeak,0.0120,D:/AcousticMonitoringData/ELDON2_Data/Week19\ELDON2_20250515_060102.wav
1293.0,1296.0,Geothlypis trichas,Common Yellowthroat,0.0278,D:/AcousticMonitoringData/ELDON2_Data/Week19\ELDON2_20250515_060102.wav
1293.0,1296.0,Sturnella magna,Eastern Meadowlark,0.0187,D:/AcousticMonitoringData/ELDON2_Data/Week19\ELDON2_20250515_060102.wav
1293.0,1296.0,Melospiza melodia,Song Sparrow,0.0115,D:/AcousticMonitoringData/ELDON2_Data/Week19\ELDON2_20250515_060102.wav
1296.0,1299.0,Eremophila alpestris,Horned Lark,0.0320,D:/AcousticMonitoringData/ELDON2_Data/Week19\ELDON2_20250515_060102.wav
1296.0,1299.0,Sturnella magna,Eastern Meadowlark,0.0115,D:/AcousticMonitoringData/ELDON2_Data/Week19\ELDON2_20250515_060102.wav
1299.0,1302.0,Sturnella magna,Eastern Meadowlark,0.1623,D:/AcousticMonitoringData/ELDON2_Data/Week19\ELDON2_20250515_060102.wav
1299.0,1302.0,Bartramia longicauda,Upland Sandpiper,0.1498,D:/AcousticMonitoringData/ELDON2_Data/Week19\ELDON2_20250515_060102.wav
1302.0,1305.0,Sturnella magna,Eastern Meadowlark,0.4653,D:/AcousticMonitoringData/ELDON2_Data/Week19\ELDON2_20250515_060102.wav
1302.0,1305.0,Bartramia longicauda,Upland Sandpiper,0.0581,D:/AcousticMonitoringData/ELDON2_Data/Week19\ELDON2_20250515_060102.wav
1305.0,1308.0,Sturnella magna,Eastern Meadowlark,0.9932,D:/AcousticMonitoringData/ELDON2_Data/Week19\ELDON2_20250515_060102.wav
1308.0,1311.0,Sturnella magna,Eastern Meadowlark,0.3071,D:/AcousticMonitoringData/ELDON2_Data/Week19\ELDON2_20250515_060102.wav
1308.0,1311.0,Geothlypis trichas,Common Yellowthroat,0.0131,D:/AcousticMonitoringData/ELDON2_Data/Week19\ELDON2_20250515_060102.wav
1314.0,1317.0,Sturnella magna,Eastern Meadowlark,0.9944,D:/AcousticMonitoringData/ELDON2_Data/Week19\ELDON2_20250515_060102.wav
1317.0,1320.0,Sturnella magna,Eastern Meadowlark,0.3476,D:/AcousticMonitoringData/ELDON2_Data/Week19\ELDON2_20250515_060102.wav
1317.0,1320.0,Melospiza melodia,Song Sparrow,0.0131,D:/AcousticMonitoringData/ELDON2_Data/Week19\ELDON2_20250515_060102.wav
1320.0,1323.0,Geothlypis trichas,Common Yellowthroat,0.0579,D:/AcousticMonitoringData/ELDON2_Data/Week19\ELDON2_20250515_060102.wav
1320.0,1323.0,Melospiza melodia,Song Sparrow,0.0176,D:/AcousticMonitoringData/ELDON2_Data/Week19\ELDON2_20250515_060102.wav
1323.0,1326.0,Sturnella magna,Eastern Meadowlark,0.0451,D:/AcousticMonitoringData/ELDON2_Data/Week19\ELDON2_20250515_060102.wav
1326.0,1329.0,Sturnella magna,Eastern Meadowlark,0.9963,D:/AcousticMonitoringData/ELDON2_Data/Week19\ELDON2_20250515_060102.wav
1329.0,1332.0,Sturnella magna,Eastern Meadowlark,0.2522,D:/AcousticMonitoringData/ELDON2_Data/Week19\ELDON2_20250515_060102.wav
1329.0,1332.0,Geothlypis trichas,Common Yellowthroat,0.1457,D:/AcousticMonitoringData/ELDON2_Data/Week19\ELDON2_20250515_060102.wav
1329.0,1332.0,Bartramia longicauda,Upland Sandpiper,0.0231,D:/AcousticMonitoringData/ELDON2_Data/Week19\ELDON2_20250515_060102.wav
1329.0,1332.0,Melospiza melodia,Song Sparrow,0.0123,D:/AcousticMonitoringData/ELDON2_Data/Week19\ELDON2_20250515_060102.wav
1332.0,1335.0,Sturnella magna,Eastern Meadowlark,0.9950,D:/AcousticMonitoringData/ELDON2_Data/Week19\ELDON2_20250515_060102.wav
1335.0,1338.0,Geothlypis trichas,Common Yellowthroat,0.0163,D:/AcousticMonitoringData/ELDON2_Data/Week19\ELDON2_20250515_060102.wav
1338.0,1341.0,Sturnella magna,Eastern Meadowlark,0.4099,D:/AcousticMonitoringData/ELDON2_Data/Week19\ELDON2_20250515_060102.wav
1338.0,1341.0,Bartramia longicauda,Upland Sandpiper,0.0189,D:/AcousticMonitoringData/ELDON2_Data/Week19\ELDON2_20250515_060102.wav
1338.0,1341.0,Geothlypis trichas,Common Yellowthroat,0.0146,D:/AcousticMonitoringData/ELDON2_Data/Week19\ELDON2_20250515_060102.wav
1341.0,1344.0,Geothlypis trichas,Common Yellowthroat,0.1722,D:/AcousticMonitoringData/ELDON2_Data/Week19\ELDON2_20250515_060102.wav
1341.0,1344.0,Melospiza melodia,Song Sparrow,0.0196,D:/AcousticMonitoringData/ELDON2_Data/Week19\ELDON2_20250515_060102.wav
1344.0,1347.0,Sturnella magna,Eastern Meadowlark,0.1703,D:/AcousticMonitoringData/ELDON2_Data/Week19\ELDON2_20250515_060102.wav
1344.0,1347.0,Geothlypis trichas,Common Yellowthroat,0.0473,D:/AcousticMonitoringData/ELDON2_Data/Week19\ELDON2_20250515_060102.wav
1344.0,1347.0,Bartramia longicauda,Upland Sandpiper,0.0169,D:/AcousticMonitoringData/ELDON2_Data/Week19\ELDON2_20250515_060102.wav
1347.0,1350.0,Sturnella magna,Eastern Meadowlark,0.9826,D:/AcousticMonitoringData/ELDON2_Data/Week19\ELDON2_20250515_060102.wav
1350.0,1353.0,Geothlypis trichas,Common Yellowthroat,0.1054,D:/AcousticMonitoringData/ELDON2_Data/Week19\ELDON2_20250515_060102.wav
1350.0,1353.0,Melospiza melodia,Song Sparrow,0.0354,D:/AcousticMonitoringData/ELDON2_Data/Week19\ELDON2_20250515_060102.wav
1350.0,1353.0,Sturnella magna,Eastern Meadowlark,0.0200,D:/AcousticMonitoringData/ELDON2_Data/Week19\ELDON2_20250515_060102.wav
1362.0,1365.0,Sturnella magna,Eastern Meadowlark,0.3557,D:/AcousticMonitoringData/ELDON2_Data/Week19\ELDON2_20250515_060102.wav
1362.0,1365.0,Geothlypis trichas,Common Yellowthroat,0.1501,D:/AcousticMonitoringData/ELDON2_Data/Week19\ELDON2_20250515_060102.wav
1362.0,1365.0,Melospiza melodia,Song Sparrow,0.0171,D:/AcousticMonitoringData/ELDON2_Data/Week19\ELDON2_20250515_060102.wav
1365.0,1368.0,Geothlypis trichas,Common Yellowthroat,0.0129,D:/AcousticMonitoringData/ELDON2_Data/Week19\ELDON2_20250515_060102.wav
1368.0,1371.0,Sturnella magna,Eastern Meadowlark,0.2225,D:/AcousticMonitoringData/ELDON2_Data/Week19\ELDON2_20250515_060102.wav
1368.0,1371.0,Bartramia longicauda,Upland Sandpiper,0.0339,D:/AcousticMonitoringData/ELDON2_Data/Week19\ELDON2_20250515_060102.wav
1374.0,1377.0,Geothlypis trichas,Common Yellowthroat,0.0297,D:/AcousticMonitoringData/ELDON2_Data/Week19\ELDON2_20250515_060102.wav
1374.0,1377.0,Melospiza melodia,Song Sparrow,0.0163,D:/AcousticMonitoringData/ELDON2_Data/Week19\ELDON2_20250515_060102.wav
1377.0,1380.0,Sturnella magna,Eastern Meadowlark,0.4119,D:/AcousticMonitoringData/ELDON2_Data/Week19\ELDON2_20250515_060102.wav
1377.0,1380.0,Bartramia longicauda,Upland Sandpiper,0.0239,D:/AcousticMonitoringData/ELDON2_Data/Week19\ELDON2_20250515_060102.wav
1380.0,1383.0,Melospiza melodia,Song Sparrow,0.0282,D:/AcousticMonitoringData/ELDON2_Data/Week19\ELDON2_20250515_060102.wav
1380.0,1383.0,Geothlypis trichas,Common Yellowthroat,0.0212,D:/AcousticMonitoringData/ELDON2_Data/Week19\ELDON2_20250515_060102.wav
1380.0,1383.0,Sturnella magna,Eastern Meadowlark,0.0105,D:/AcousticMonitoringData/ELDON2_Data/Week19\ELDON2_20250515_060102.wav
1383.0,1386.0,Geothlypis trichas,Common Yellowthroat,0.0311,D:/AcousticMonitoringData/ELDON2_Data/Week19\ELDON2_20250515_060102.wav
1383.0,1386.0,Melospiza melodia,Song Sparrow,0.0116,D:/AcousticMonitoringData/ELDON2_Data/Week19\ELDON2_20250515_060102.wav
1386.0,1389.0,Geothlypis trichas,Common Yellowthroat,0.0709,D:/AcousticMonitoringData/ELDON2_Data/Week19\ELDON2_20250515_060102.wav
1386.0,1389.0,Melospiza melodia,Song Sparrow,0.0215,D:/AcousticMonitoringData/ELDON2_Data/Week19\ELDON2_20250515_060102.wav
1389.0,1392.0,Sturnella magna,Eastern Meadowlark,0.1550,D:/AcousticMonitoringData/ELDON2_Data/Week19\ELDON2_20250515_060102.wav
1389.0,1392.0,Bartramia longicauda,Upland Sandpiper,0.0183,D:/AcousticMonitoringData/ELDON2_Data/Week19\ELDON2_20250515_060102.wav
1389.0,1392.0,Eremophila alpestris,Horned Lark,0.0145,D:/AcousticMonitoringData/ELDON2_Data/Week19\ELDON2_20250515_060102.wav
1392.0,1395.0,Melospiza melodia,Song Sparrow,0.0416,D:/AcousticMonitoringData/ELDON2_Data/Week19\ELDON2_20250515_060102.wav
1392.0,1395.0,Geothlypis trichas,Common Yellowthroat,0.0381,D:/AcousticMonitoringData/ELDON2_Data/Week19\ELDON2_20250515_060102.wav
1392.0,1395.0,Sturnella magna,Eastern Meadowlark,0.0158,D:/AcousticMonitoringData/ELDON2_Data/Week19\ELDON2_20250515_060102.wav
1395.0,1398.0,Geothlypis trichas,Common Yellowthroat,0.2209,D:/AcousticMonitoringData/ELDON2_Data/Week19\ELDON2_20250515_060102.wav
1398.0,1401.0,Geothlypis trichas,Common Yellowthroat,0.0525,D:/AcousticMonitoringData/ELDON2_Data/Week19\ELDON2_20250515_060102.wav
1398.0,1401.0,Melospiza melodia,Song Sparrow,0.0142,D:/AcousticMonitoringData/ELDON2_Data/Week19\ELDON2_20250515_060102.wav
1401.0,1404.0,Geothlypis trichas,Common Yellowthroat,0.0367,D:/AcousticMonitoringData/ELDON2_Data/Week19\ELDON2_20250515_060102.wav
1401.0,1404.0,Melospiza melodia,Song Sparrow,0.0130,D:/AcousticMonitoringData/ELDON2_Data/Week19\ELDON2_20250515_060102.wav
1404.0,1407.0,Geothlypis trichas,Common Yellowthroat,0.0920,D:/AcousticMonitoringData/ELDON2_Data/Week19\ELDON2_20250515_060102.wav
1404.0,1407.0,Melospiza melodia,Song Sparrow,0.0151,D:/AcousticMonitoringData/ELDON2_Data/Week19\ELDON2_20250515_060102.wav
1407.0,1410.0,Geothlypis trichas,Common Yellowthroat,0.0712,D:/AcousticMonitoringData/ELDON2_Data/Week19\ELDON2_20250515_060102.wav
1407.0,1410.0,Melospiza melodia,Song Sparrow,0.0220,D:/AcousticMonitoringData/ELDON2_Data/Week19\ELDON2_20250515_060102.wav
1410.0,1413.0,Geothlypis trichas,Common Yellowthroat,0.0432,D:/AcousticMonitoringData/ELDON2_Data/Week19\ELDON2_20250515_060102.wav
1410.0,1413.0,Sturnella magna,Eastern Meadowlark,0.0111,D:/AcousticMonitoringData/ELDON2_Data/Week19\ELDON2_20250515_060102.wav
1413.0,1416.0,Sturnella magna,Eastern Meadowlark,0.1224,D:/AcousticMonitoringData/ELDON2_Data/Week19\ELDON2_20250515_060102.wav
1413.0,1416.0,Geothlypis trichas,Common Yellowthroat,0.0607,D:/AcousticMonitoringData/ELDON2_Data/Week19\ELDON2_20250515_060102.wav
1413.0,1416.0,Melospiza melodia,Song Sparrow,0.0154,D:/AcousticMonitoringData/ELDON2_Data/Week19\ELDON2_20250515_060102.wav
1416.0,1419.0,Geothlypis trichas,Common Yellowthroat,0.0369,D:/AcousticMonitoringData/ELDON2_Data/Week19\ELDON2_20250515_060102.wav
1416.0,1419.0,Melospiza melodia,Song Sparrow,0.0216,D:/AcousticMonitoringData/ELDON2_Data/Week19\ELDON2_20250515_060102.wav
1419.0,1422.0,Geothlypis trichas,Common Yellowthroat,0.0493,D:/AcousticMonitoringData/ELDON2_Data/Week19\ELDON2_20250515_060102.wav
1422.0,1425.0,Geothlypis trichas,Common Yellowthroat,0.0413,D:/AcousticMonitoringData/ELDON2_Data/Week19\ELDON2_20250515_060102.wav
1425.0,1428.0,Geothlypis trichas,Common Yellowthroat,0.0378,D:/AcousticMonitoringData/ELDON2_Data/Week19\ELDON2_20250515_060102.wav
1425.0,1428.0,Melospiza melodia,Song Sparrow,0.0174,D:/AcousticMonitoringData/ELDON2_Data/Week19\ELDON2_20250515_060102.wav
1428.0,1431.0,Geothlypis trichas,Common Yellowthroat,0.0928,D:/AcousticMonitoringData/ELDON2_Data/Week19\ELDON2_20250515_060102.wav
1431.0,1434.0,Geothlypis trichas,Common Yellowthroat,0.2688,D:/AcousticMonitoringData/ELDON2_Data/Week19\ELDON2_20250515_060102.wav
1434.0,1437.0,Geothlypis trichas,Common Yellowthroat,0.1806,D:/AcousticMonitoringData/ELDON2_Data/Week19\ELDON2_20250515_060102.wav
1434.0,1437.0,Melospiza melodia,Song Sparrow,0.0129,D:/AcousticMonitoringData/ELDON2_Data/Week19\ELDON2_20250515_060102.wav
1437.0,1440.0,Geothlypis trichas,Common Yellowthroat,0.0827,D:/AcousticMonitoringData/ELDON2_Data/Week19\ELDON2_20250515_060102.wav
1440.0,1443.0,Geothlypis trichas,Common Yellowthroat,0.1020,D:/AcousticMonitoringData/ELDON2_Data/Week19\ELDON2_20250515_060102.wav
1440.0,1443.0,Melospiza melodia,Song Sparrow,0.0473,D:/AcousticMonitoringData/ELDON2_Data/Week19\ELDON2_20250515_060102.wav
1443.0,1446.0,Geothlypis trichas,Common Yellowthroat,0.2158,D:/AcousticMonitoringData/ELDON2_Data/Week19\ELDON2_20250515_060102.wav
1443.0,1446.0,Melospiza melodia,Song Sparrow,0.0341,D:/AcousticMonitoringData/ELDON2_Data/Week19\ELDON2_20250515_060102.wav
1446.0,1449.0,Geothlypis trichas,Common Yellowthroat,0.0830,D:/AcousticMonitoringData/ELDON2_Data/Week19\ELDON2_20250515_060102.wav
1446.0,1449.0,Sturnella magna,Eastern Meadowlark,0.0163,D:/AcousticMonitoringData/ELDON2_Data/Week19\ELDON2_20250515_060102.wav
1449.0,1452.0,Geothlypis trichas,Common Yellowthroat,0.0126,D:/AcousticMonitoringData/ELDON2_Data/Week19\ELDON2_20250515_060102.wav
1452.0,1455.0,Melospiza melodia,Song Sparrow,0.0142,D:/AcousticMonitoringData/ELDON2_Data/Week19\ELDON2_20250515_060102.wav
1455.0,1458.0,Melospiza melodia,Song Sparrow,0.0427,D:/AcousticMonitoringData/ELDON2_Data/Week19\ELDON2_20250515_060102.wav
1455.0,1458.0,Geothlypis trichas,Common Yellowthroat,0.0258,D:/AcousticMonitoringData/ELDON2_Data/Week19\ELDON2_20250515_060102.wav
1458.0,1461.0,Melospiza melodia,Song Sparrow,0.0173,D:/AcousticMonitoringData/ELDON2_Data/Week19\ELDON2_20250515_060102.wav
1461.0,1464.0,Geothlypis trichas,Common Yellowthroat,0.0485,D:/AcousticMonitoringData/ELDON2_Data/Week19\ELDON2_20250515_060102.wav
1461.0,1464.0,Melospiza melodia,Song Sparrow,0.0235,D:/AcousticMonitoringData/ELDON2_Data/Week19\ELDON2_20250515_060102.wav
1464.0,1467.0,Melospiza melodia,Song Sparrow,0.0122,D:/AcousticMonitoringData/ELDON2_Data/Week19\ELDON2_20250515_060102.wav
1467.0,1470.0,Geothlypis trichas,Common Yellowthroat,0.1671,D:/AcousticMonitoringData/ELDON2_Data/Week19\ELDON2_20250515_060102.wav
1467.0,1470.0,Melospiza melodia,Song Sparrow,0.0777,D:/AcousticMonitoringData/ELDON2_Data/Week19\ELDON2_20250515_060102.wav
1470.0,1473.0,Geothlypis trichas,Common Yellowthroat,0.0221,D:/AcousticMonitoringData/ELDON2_Data/Week19\ELDON2_20250515_060102.wav
1473.0,1476.0,Geothlypis trichas,Common Yellowthroat,0.0509,D:/AcousticMonitoringData/ELDON2_Data/Week19\ELDON2_20250515_060102.wav
1476.0,1479.0,Geothlypis trichas,Common Yellowthroat,0.0111,D:/AcousticMonitoringData/ELDON2_Data/Week19\ELDON2_20250515_060102.wav
1479.0,1482.0,Geothlypis trichas,Common Yellowthroat,0.0283,D:/AcousticMonitoringData/ELDON2_Data/Week19\ELDON2_20250515_060102.wav
1479.0,1482.0,Melospiza melodia,Song Sparrow,0.0158,D:/AcousticMonitoringData/ELDON2_Data/Week19\ELDON2_20250515_060102.wav
1482.0,1485.0,Geothlypis trichas,Common Yellowthroat,0.0640,D:/AcousticMonitoringData/ELDON2_Data/Week19\ELDON2_20250515_060102.wav
1482.0,1485.0,Melospiza melodia,Song Sparrow,0.0417,D:/AcousticMonitoringData/ELDON2_Data/Week19\ELDON2_20250515_060102.wav
1488.0,1491.0,Geothlypis trichas,Common Yellowthroat,0.0300,D:/AcousticMonitoringData/ELDON2_Data/Week19\ELDON2_20250515_060102.wav
1488.0,1491.0,Melospiza melodia,Song Sparrow,0.0107,D:/AcousticMonitoringData/ELDON2_Data/Week19\ELDON2_20250515_060102.wav
1491.0,1494.0,Geothlypis trichas,Common Yellowthroat,0.0162,D:/AcousticMonitoringData/ELDON2_Data/Week19\ELDON2_20250515_060102.wav
1494.0,1497.0,Geothlypis trichas,Common Yellowthroat,0.0501,D:/AcousticMonitoringData/ELDON2_Data/Week19\ELDON2_20250515_060102.wav
1497.0,1500.0,Geothlypis trichas,Common Yellowthroat,0.0202,D:/AcousticMonitoringData/ELDON2_Data/Week19\ELDON2_20250515_060102.wav
1509.0,1512.0,Geothlypis trichas,Common Yellowthroat,0.0158,D:/AcousticMonitoringData/ELDON2_Data/Week19\ELDON2_20250515_060102.wav
1518.0,1521.0,Geothlypis trichas,Common Yellowthroat,0.0168,D:/AcousticMonitoringData/ELDON2_Data/Week19\ELDON2_20250515_060102.wav
1521.0,1524.0,Geothlypis trichas,Common Yellowthroat,0.0676,D:/AcousticMonitoringData/ELDON2_Data/Week19\ELDON2_20250515_060102.wav
1521.0,1524.0,Melospiza melodia,Song Sparrow,0.0140,D:/AcousticMonitoringData/ELDON2_Data/Week19\ELDON2_20250515_060102.wav
1527.0,1530.0,Geothlypis trichas,Common Yellowthroat,0.0485,D:/AcousticMonitoringData/ELDON2_Data/Week19\ELDON2_20250515_060102.wav
1530.0,1533.0,Geothlypis trichas,Common Yellowthroat,0.0355,D:/AcousticMonitoringData/ELDON2_Data/Week19\ELDON2_20250515_060102.wav
1530.0,1533.0,Melospiza melodia,Song Sparrow,0.0135,D:/AcousticMonitoringData/ELDON2_Data/Week19\ELDON2_20250515_060102.wav
1533.0,1536.0,Geothlypis trichas,Common Yellowthroat,0.0130,D:/AcousticMonitoringData/ELDON2_Data/Week19\ELDON2_20250515_060102.wav
1533.0,1536.0,Melospiza melodia,Song Sparrow,0.0114,D:/AcousticMonitoringData/ELDON2_Data/Week19\ELDON2_20250515_060102.wav
1536.0,1539.0,Geothlypis trichas,Common Yellowthroat,0.0281,D:/AcousticMonitoringData/ELDON2_Data/Week19\ELDON2_20250515_060102.wav
1536.0,1539.0,Melospiza melodia,Song Sparrow,0.0118,D:/AcousticMonitoringData/ELDON2_Data/Week19\ELDON2_20250515_060102.wav
1539.0,1542.0,Geothlypis trichas,Common Yellowthroat,0.0430,D:/AcousticMonitoringData/ELDON2_Data/Week19\ELDON2_20250515_060102.wav
1539.0,1542.0,Melospiza melodia,Song Sparrow,0.0175,D:/AcousticMonitoringData/ELDON2_Data/Week19\ELDON2_20250515_060102.wav
1542.0,1545.0,Geothlypis trichas,Common Yellowthroat,0.0104,D:/AcousticMonitoringData/ELDON2_Data/Week19\ELDON2_20250515_060102.wav
1545.0,1548.0,Geothlypis trichas,Common Yellowthroat,0.0506,D:/AcousticMonitoringData/ELDON2_Data/Week19\ELDON2_20250515_060102.wav
1545.0,1548.0,Sturnella magna,Eastern Meadowlark,0.0196,D:/AcousticMonitoringData/ELDON2_Data/Week19\ELDON2_20250515_060102.wav
1545.0,1548.0,Melospiza melodia,Song Sparrow,0.0131,D:/AcousticMonitoringData/ELDON2_Data/Week19\ELDON2_20250515_060102.wav
1548.0,1551.0,Geothlypis trichas,Common Yellowthroat,0.0132,D:/AcousticMonitoringData/ELDON2_Data/Week19\ELDON2_20250515_060102.wav
1551.0,1554.0,Geothlypis trichas,Common Yellowthroat,0.0638,D:/AcousticMonitoringData/ELDON2_Data/Week19\ELDON2_20250515_060102.wav
1551.0,1554.0,Melospiza melodia,Song Sparrow,0.0198,D:/AcousticMonitoringData/ELDON2_Data/Week19\ELDON2_20250515_060102.wav
1560.0,1563.0,Geothlypis trichas,Common Yellowthroat,0.0156,D:/AcousticMonitoringData/ELDON2_Data/Week19\ELDON2_20250515_060102.wav
1560.0,1563.0,Sturnella magna,Eastern Meadowlark,0.0150,D:/AcousticMonitoringData/ELDON2_Data/Week19\ELDON2_20250515_060102.wav
1560.0,1563.0,Spizella pusilla,Field Sparrow,0.0130,D:/AcousticMonitoringData/ELDON2_Data/Week19\ELDON2_20250515_060102.wav
1566.0,1569.0,Geothlypis trichas,Common Yellowthroat,0.0504,D:/AcousticMonitoringData/ELDON2_Data/Week19\ELDON2_20250515_060102.wav
1566.0,1569.0,Sturnella magna,Eastern Meadowlark,0.0130,D:/AcousticMonitoringData/ELDON2_Data/Week19\ELDON2_20250515_060102.wav
1569.0,1572.0,Geothlypis trichas,Common Yellowthroat,0.1182,D:/AcousticMonitoringData/ELDON2_Data/Week19\ELDON2_20250515_060102.wav
1569.0,1572.0,Sturnella magna,Eastern Meadowlark,0.0398,D:/AcousticMonitoringData/ELDON2_Data/Week19\ELDON2_20250515_060102.wav
1569.0,1572.0,Melospiza melodia,Song Sparrow,0.0139,D:/AcousticMonitoringData/ELDON2_Data/Week19\ELDON2_20250515_060102.wav
1572.0,1575.0,Geothlypis trichas,Common Yellowthroat,0.0964,D:/AcousticMonitoringData/ELDON2_Data/Week19\ELDON2_20250515_060102.wav
1572.0,1575.0,Sturnella magna,Eastern Meadowlark,0.0311,D:/AcousticMonitoringData/ELDON2_Data/Week19\ELDON2_20250515_060102.wav
1575.0,1578.0,Geothlypis trichas,Common Yellowthroat,0.0166,D:/AcousticMonitoringData/ELDON2_Data/Week19\ELDON2_20250515_060102.wav
1578.0,1581.0,Sturnella magna,Eastern Meadowlark,0.0353,D:/AcousticMonitoringData/ELDON2_Data/Week19\ELDON2_20250515_060102.wav
1578.0,1581.0,Geothlypis trichas,Common Yellowthroat,0.0161,D:/AcousticMonitoringData/ELDON2_Data/Week19\ELDON2_20250515_060102.wav
1578.0,1581.0,Spizella pusilla,Field Sparrow,0.0109,D:/AcousticMonitoringData/ELDON2_Data/Week19\ELDON2_20250515_060102.wav
1581.0,1584.0,Geothlypis trichas,Common Yellowthroat,0.0152,D:/AcousticMonitoringData/ELDON2_Data/Week19\ELDON2_20250515_060102.wav
1584.0,1587.0,Geothlypis trichas,Common Yellowthroat,0.0239,D:/AcousticMonitoringData/ELDON2_Data/Week19\ELDON2_20250515_060102.wav
1584.0,1587.0,Sturnella magna,Eastern Meadowlark,0.0226,D:/AcousticMonitoringData/ELDON2_Data/Week19\ELDON2_20250515_060102.wav
1587.0,1590.0,Geothlypis trichas,Common Yellowthroat,0.0227,D:/AcousticMonitoringData/ELDON2_Data/Week19\ELDON2_20250515_060102.wav
1590.0,1593.0,Geothlypis trichas,Common Yellowthroat,0.1889,D:/AcousticMonitoringData/ELDON2_Data/Week19\ELDON2_20250515_060102.wav
1590.0,1593.0,Sturnella magna,Eastern Meadowlark,0.1080,D:/AcousticMonitoringData/ELDON2_Data/Week19\ELDON2_20250515_060102.wav
1590.0,1593.0,Spizella pusilla,Field Sparrow,0.0148,D:/AcousticMonitoringData/ELDON2_Data/Week19\ELDON2_20250515_060102.wav
1590.0,1593.0,Bartramia longicauda,Upland Sandpiper,0.0118,D:/AcousticMonitoringData/ELDON2_Data/Week19\ELDON2_20250515_060102.wav
1593.0,1596.0,Geothlypis trichas,Common Yellowthroat,0.0149,D:/AcousticMonitoringData/ELDON2_Data/Week19\ELDON2_20250515_060102.wav
1596.0,1599.0,Geothlypis trichas,Common Yellowthroat,0.0973,D:/AcousticMonitoringData/ELDON2_Data/Week19\ELDON2_20250515_060102.wav
1596.0,1599.0,Melospiza melodia,Song Sparrow,0.0158,D:/AcousticMonitoringData/ELDON2_Data/Week19\ELDON2_20250515_060102.wav
1599.0,1602.0,Geothlypis trichas,Common Yellowthroat,0.0299,D:/AcousticMonitoringData/ELDON2_Data/Week19\ELDON2_20250515_060102.wav
1602.0,1605.0,Geothlypis trichas,Common Yellowthroat,0.1154,D:/AcousticMonitoringData/ELDON2_Data/Week19\ELDON2_20250515_060102.wav
1602.0,1605.0,Melospiza melodia,Song Sparrow,0.0153,D:/AcousticMonitoringData/ELDON2_Data/Week19\ELDON2_20250515_060102.wav
1605.0,1608.0,Geothlypis trichas,Common Yellowthroat,0.0760,D:/AcousticMonitoringData/ELDON2_Data/Week19\ELDON2_20250515_060102.wav
1605.0,1608.0,Melospiza melodia,Song Sparrow,0.0165,D:/AcousticMonitoringData/ELDON2_Data/Week19\ELDON2_20250515_060102.wav
1605.0,1608.0,Sturnella magna,Eastern Meadowlark,0.0113,D:/AcousticMonitoringData/ELDON2_Data/Week19\ELDON2_20250515_060102.wav
1608.0,1611.0,Geothlypis trichas,Common Yellowthroat,0.0897,D:/AcousticMonitoringData/ELDON2_Data/Week19\ELDON2_20250515_060102.wav
1608.0,1611.0,Sturnella magna,Eastern Meadowlark,0.0380,D:/AcousticMonitoringData/ELDON2_Data/Week19\ELDON2_20250515_060102.wav
1608.0,1611.0,Melospiza melodia,Song Sparrow,0.0109,D:/AcousticMonitoringData/ELDON2_Data/Week19\ELDON2_20250515_060102.wav
1611.0,1614.0,Geothlypis trichas,Common Yellowthroat,0.0624,D:/AcousticMonitoringData/ELDON2_Data/Week19\ELDON2_20250515_060102.wav
1611.0,1614.0,Melospiza melodia,Song Sparrow,0.0295,D:/AcousticMonitoringData/ELDON2_Data/Week19\ELDON2_20250515_060102.wav
1614.0,1617.0,Geothlypis trichas,Common Yellowthroat,0.0432,D:/AcousticMonitoringData/ELDON2_Data/Week19\ELDON2_20250515_060102.wav
1614.0,1617.0,Melospiza melodia,Song Sparrow,0.0187,D:/AcousticMonitoringData/ELDON2_Data/Week19\ELDON2_20250515_060102.wav
1617.0,1620.0,Geothlypis trichas,Common Yellowthroat,0.0857,D:/AcousticMonitoringData/ELDON2_Data/Week19\ELDON2_20250515_060102.wav
1620.0,1623.0,Geothlypis trichas,Common Yellowthroat,0.0682,D:/AcousticMonitoringData/ELDON2_Data/Week19\ELDON2_20250515_060102.wav
1623.0,1626.0,Geothlypis trichas,Common Yellowthroat,0.1295,D:/AcousticMonitoringData/ELDON2_Data/Week19\ELDON2_20250515_060102.wav
1626.0,1629.0,Geothlypis trichas,Common Yellowthroat,0.2232,D:/AcousticMonitoringData/ELDON2_Data/Week19\ELDON2_20250515_060102.wav
1626.0,1629.0,Melospiza melodia,Song Sparrow,0.0181,D:/AcousticMonitoringData/ELDON2_Data/Week19\ELDON2_20250515_060102.wav
1629.0,1632.0,Geothlypis trichas,Common Yellowthroat,0.0924,D:/AcousticMonitoringData/ELDON2_Data/Week19\ELDON2_20250515_060102.wav
1629.0,1632.0,Melospiza melodia,Song Sparrow,0.0123,D:/AcousticMonitoringData/ELDON2_Data/Week19\ELDON2_20250515_060102.wav
1632.0,1635.0,Geothlypis trichas,Common Yellowthroat,0.0448,D:/AcousticMonitoringData/ELDON2_Data/Week19\ELDON2_20250515_060102.wav
1632.0,1635.0,Melospiza melodia,Song Sparrow,0.0205,D:/AcousticMonitoringData/ELDON2_Data/Week19\ELDON2_20250515_060102.wav
1635.0,1638.0,Sturnella magna,Eastern Meadowlark,0.0331,D:/AcousticMonitoringData/ELDON2_Data/Week19\ELDON2_20250515_060102.wav
1635.0,1638.0,Eremophila alpestris,Horned Lark,0.0130,D:/AcousticMonitoringData/ELDON2_Data/Week19\ELDON2_20250515_060102.wav
1638.0,1641.0,Geothlypis trichas,Common Yellowthroat,0.0540,D:/AcousticMonitoringData/ELDON2_Data/Week19\ELDON2_20250515_060102.wav
1638.0,1641.0,Melospiza melodia,Song Sparrow,0.0325,D:/AcousticMonitoringData/ELDON2_Data/Week19\ELDON2_20250515_060102.wav
1641.0,1644.0,Geothlypis trichas,Common Yellowthroat,0.0435,D:/AcousticMonitoringData/ELDON2_Data/Week19\ELDON2_20250515_060102.wav
1641.0,1644.0,Melospiza melodia,Song Sparrow,0.0202,D:/AcousticMonitoringData/ELDON2_Data/Week19\ELDON2_20250515_060102.wav
1644.0,1647.0,Sturnella magna,Eastern Meadowlark,0.0379,D:/AcousticMonitoringData/ELDON2_Data/Week19\ELDON2_20250515_060102.wav
1644.0,1647.0,Geothlypis trichas,Common Yellowthroat,0.0317,D:/AcousticMonitoringData/ELDON2_Data/Week19\ELDON2_20250515_060102.wav
1644.0,1647.0,Bartramia longicauda,Upland Sandpiper,0.0136,D:/AcousticMonitoringData/ELDON2_Data/Week19\ELDON2_20250515_060102.wav
1647.0,1650.0,Geothlypis trichas,Common Yellowthroat,0.0823,D:/AcousticMonitoringData/ELDON2_Data/Week19\ELDON2_20250515_060102.wav
1647.0,1650.0,Melospiza melodia,Song Sparrow,0.0284,D:/AcousticMonitoringData/ELDON2_Data/Week19\ELDON2_20250515_060102.wav
1650.0,1653.0,Sturnella magna,Eastern Meadowlark,0.0430,D:/AcousticMonitoringData/ELDON2_Data/Week19\ELDON2_20250515_060102.wav
1650.0,1653.0,Geothlypis trichas,Common Yellowthroat,0.0343,D:/AcousticMonitoringData/ELDON2_Data/Week19\ELDON2_20250515_060102.wav
1653.0,1656.0,Geothlypis trichas,Common Yellowthroat,0.0345,D:/AcousticMonitoringData/ELDON2_Data/Week19\ELDON2_20250515_060102.wav
1653.0,1656.0,Melospiza melodia,Song Sparrow,0.0145,D:/AcousticMonitoringData/ELDON2_Data/Week19\ELDON2_20250515_060102.wav
1653.0,1656.0,Bartramia longicauda,Upland Sandpiper,0.0102,D:/AcousticMonitoringData/ELDON2_Data/Week19\ELDON2_20250515_060102.wav
1659.0,1662.0,Sturnella magna,Eastern Meadowlark,0.0966,D:/AcousticMonitoringData/ELDON2_Data/Week19\ELDON2_20250515_060102.wav
1662.0,1665.0,Geothlypis trichas,Common Yellowthroat,0.0316,D:/AcousticMonitoringData/ELDON2_Data/Week19\ELDON2_20250515_060102.wav
1665.0,1668.0,Geothlypis trichas,Common Yellowthroat,0.1991,D:/AcousticMonitoringData/ELDON2_Data/Week19\ELDON2_20250515_060102.wav
1665.0,1668.0,Melospiza melodia,Song Sparrow,0.0145,D:/AcousticMonitoringData/ELDON2_Data/Week19\ELDON2_20250515_060102.wav
1668.0,1671.0,Sturnella magna,Eastern Meadowlark,0.0763,D:/AcousticMonitoringData/ELDON2_Data/Week19\ELDON2_20250515_060102.wav
1671.0,1674.0,Geothlypis trichas,Common Yellowthroat,0.0555,D:/AcousticMonitoringData/ELDON2_Data/Week19\ELDON2_20250515_060102.wav
1671.0,1674.0,Melospiza melodia,Song Sparrow,0.0152,D:/AcousticMonitoringData/ELDON2_Data/Week19\ELDON2_20250515_060102.wav
1674.0,1677.0,Sturnella magna,Eastern Meadowlark,0.0240,D:/AcousticMonitoringData/ELDON2_Data/Week19\ELDON2_20250515_060102.wav
1674.0,1677.0,Geothlypis trichas,Common Yellowthroat,0.0209,D:/AcousticMonitoringData/ELDON2_Data/Week19\ELDON2_20250515_060102.wav
1677.0,1680.0,Geothlypis trichas,Common Yellowthroat,0.0290,D:/AcousticMonitoringData/ELDON2_Data/Week19\ELDON2_20250515_060102.wav
1680.0,1683.0,Geothlypis trichas,Common Yellowthroat,0.0421,D:/AcousticMonitoringData/ELDON2_Data/Week19\ELDON2_20250515_060102.wav
1683.0,1686.0,Geothlypis trichas,Common Yellowthroat,0.0928,D:/AcousticMonitoringData/ELDON2_Data/Week19\ELDON2_20250515_060102.wav
1686.0,1689.0,Geothlypis trichas,Common Yellowthroat,0.1105,D:/AcousticMonitoringData/ELDON2_Data/Week19\ELDON2_20250515_060102.wav
1686.0,1689.0,Melospiza melodia,Song Sparrow,0.0194,D:/AcousticMonitoringData/ELDON2_Data/Week19\ELDON2_20250515_060102.wav
1689.0,1692.0,Geothlypis trichas,Common Yellowthroat,0.0106,D:/AcousticMonitoringData/ELDON2_Data/Week19\ELDON2_20250515_060102.wav
1695.0,1698.0,Geothlypis trichas,Common Yellowthroat,0.0135,D:/AcousticMonitoringData/ELDON2_Data/Week19\ELDON2_20250515_060102.wav
1695.0,1698.0,Sturnella magna,Eastern Meadowlark,0.0115,D:/AcousticMonitoringData/ELDON2_Data/Week19\ELDON2_20250515_060102.wav
1698.0,1701.0,Sturnella magna,Eastern Meadowlark,0.0425,D:/AcousticMonitoringData/ELDON2_Data/Week19\ELDON2_20250515_060102.wav
1698.0,1701.0,Geothlypis trichas,Common Yellowthroat,0.0316,D:/AcousticMonitoringData/ELDON2_Data/Week19\ELDON2_20250515_060102.wav
1698.0,1701.0,Melospiza melodia,Song Sparrow,0.0133,D:/AcousticMonitoringData/ELDON2_Data/Week19\ELDON2_20250515_060102.wav
1701.0,1704.0,Geothlypis trichas,Common Yellowthroat,0.1125,D:/AcousticMonitoringData/ELDON2_Data/Week19\ELDON2_20250515_060102.wav
1701.0,1704.0,Melospiza melodia,Song Sparrow,0.0209,D:/AcousticMonitoringData/ELDON2_Data/Week19\ELDON2_20250515_060102.wav
1704.0,1707.0,Geothlypis trichas,Common Yellowthroat,0.0284,D:/AcousticMonitoringData/ELDON2_Data/Week19\ELDON2_20250515_060102.wav
1704.0,1707.0,Melospiza melodia,Song Sparrow,0.0194,D:/AcousticMonitoringData/ELDON2_Data/Week19\ELDON2_20250515_060102.wav
1707.0,1710.0,Sturnella magna,Eastern Meadowlark,0.1854,D:/AcousticMonitoringData/ELDON2_Data/Week19\ELDON2_20250515_060102.wav
1707.0,1710.0,Geothlypis trichas,Common Yellowthroat,0.0262,D:/AcousticMonitoringData/ELDON2_Data/Week19\ELDON2_20250515_060102.wav
1710.0,1713.0,Geothlypis trichas,Common Yellowthroat,0.0361,D:/AcousticMonitoringData/ELDON2_Data/Week19\ELDON2_20250515_060102.wav
1710.0,1713.0,Melospiza melodia,Song Sparrow,0.0239,D:/AcousticMonitoringData/ELDON2_Data/Week19\ELDON2_20250515_060102.wav
1713.0,1716.0,Geothlypis trichas,Common Yellowthroat,0.0880,D:/AcousticMonitoringData/ELDON2_Data/Week19\ELDON2_20250515_060102.wav
1713.0,1716.0,Sturnella magna,Eastern Meadowlark,0.0593,D:/AcousticMonitoringData/ELDON2_Data/Week19\ELDON2_20250515_060102.wav
1713.0,1716.0,Melospiza melodia,Song Sparrow,0.0140,D:/AcousticMonitoringData/ELDON2_Data/Week19\ELDON2_20250515_060102.wav
1716.0,1719.0,Geothlypis trichas,Common Yellowthroat,0.1046,D:/AcousticMonitoringData/ELDON2_Data/Week19\ELDON2_20250515_060102.wav
1716.0,1719.0,Melospiza melodia,Song Sparrow,0.0150,D:/AcousticMonitoringData/ELDON2_Data/Week19\ELDON2_20250515_060102.wav
1719.0,1722.0,Geothlypis trichas,Common Yellowthroat,0.1108,D:/AcousticMonitoringData/ELDON2_Data/Week19\ELDON2_20250515_060102.wav
1719.0,1722.0,Melospiza melodia,Song Sparrow,0.0296,D:/AcousticMonitoringData/ELDON2_Data/Week19\ELDON2_20250515_060102.wav
1719.0,1722.0,Sturnella magna,Eastern Meadowlark,0.0132,D:/AcousticMonitoringData/ELDON2_Data/Week19\ELDON2_20250515_060102.wav
1722.0,1725.0,Geothlypis trichas,Common Yellowthroat,0.1072,D:/AcousticMonitoringData/ELDON2_Data/Week19\ELDON2_20250515_060102.wav
1722.0,1725.0,Sturnella magna,Eastern Meadowlark,0.0261,D:/AcousticMonitoringData/ELDON2_Data/Week19\ELDON2_20250515_060102.wav
1722.0,1725.0,Melospiza melodia,Song Sparrow,0.0218,D:/AcousticMonitoringData/ELDON2_Data/Week19\ELDON2_20250515_060102.wav
1725.0,1728.0,Geothlypis trichas,Common Yellowthroat,0.0613,D:/AcousticMonitoringData/ELDON2_Data/Week19\ELDON2_20250515_060102.wav
1725.0,1728.0,Melospiza melodia,Song Sparrow,0.0329,D:/AcousticMonitoringData/ELDON2_Data/Week19\ELDON2_20250515_060102.wav
1728.0,1731.0,Sturnella magna,Eastern Meadowlark,0.1375,D:/AcousticMonitoringData/ELDON2_Data/Week19\ELDON2_20250515_060102.wav
1728.0,1731.0,Melospiza melodia,Song Sparrow,0.0192,D:/AcousticMonitoringData/ELDON2_Data/Week19\ELDON2_20250515_060102.wav
1728.0,1731.0,Geothlypis trichas,Common Yellowthroat,0.0174,D:/AcousticMonitoringData/ELDON2_Data/Week19\ELDON2_20250515_060102.wav
1731.0,1734.0,Geothlypis trichas,Common Yellowthroat,0.0517,D:/AcousticMonitoringData/ELDON2_Data/Week19\ELDON2_20250515_060102.wav
1731.0,1734.0,Melospiza melodia,Song Sparrow,0.0191,D:/AcousticMonitoringData/ELDON2_Data/Week19\ELDON2_20250515_060102.wav
1731.0,1734.0,Sturnella magna,Eastern Meadowlark,0.0189,D:/AcousticMonitoringData/ELDON2_Data/Week19\ELDON2_20250515_060102.wav
1734.0,1737.0,Sturnella magna,Eastern Meadowlark,0.0870,D:/AcousticMonitoringData/ELDON2_Data/Week19\ELDON2_20250515_060102.wav
1734.0,1737.0,Geothlypis trichas,Common Yellowthroat,0.0366,D:/AcousticMonitoringData/ELDON2_Data/Week19\ELDON2_20250515_060102.wav
1734.0,1737.0,Melospiza melodia,Song Sparrow,0.0207,D:/AcousticMonitoringData/ELDON2_Data/Week19\ELDON2_20250515_060102.wav
1737.0,1740.0,Geothlypis trichas,Common Yellowthroat,0.1399,D:/AcousticMonitoringData/ELDON2_Data/Week19\ELDON2_20250515_060102.wav
1737.0,1740.0,Melospiza melodia,Song Sparrow,0.0331,D:/AcousticMonitoringData/ELDON2_Data/Week19\ELDON2_20250515_060102.wav
1740.0,1743.0,Geothlypis trichas,Common Yellowthroat,0.0384,D:/AcousticMonitoringData/ELDON2_Data/Week19\ELDON2_20250515_060102.wav
1740.0,1743.0,Sturnella magna,Eastern Meadowlark,0.0319,D:/AcousticMonitoringData/ELDON2_Data/Week19\ELDON2_20250515_060102.wav
1740.0,1743.0,Melospiza melodia,Song Sparrow,0.0189,D:/AcousticMonitoringData/ELDON2_Data/Week19\ELDON2_20250515_060102.wav
1743.0,1746.0,Sturnella magna,Eastern Meadowlark,0.4699,D:/AcousticMonitoringData/ELDON2_Data/Week19\ELDON2_20250515_060102.wav
1743.0,1746.0,Geothlypis trichas,Common Yellowthroat,0.0136,D:/AcousticMonitoringData/ELDON2_Data/Week19\ELDON2_20250515_060102.wav
1743.0,1746.0,Bartramia longicauda,Upland Sandpiper,0.0131,D:/AcousticMonitoringData/ELDON2_Data/Week19\ELDON2_20250515_060102.wav
1746.0,1749.0,Geothlypis trichas,Common Yellowthroat,0.0218,D:/AcousticMonitoringData/ELDON2_Data/Week19\ELDON2_20250515_060102.wav
1746.0,1749.0,Sturnella magna,Eastern Meadowlark,0.0206,D:/AcousticMonitoringData/ELDON2_Data/Week19\ELDON2_20250515_060102.wav
1749.0,1752.0,Sturnella magna,Eastern Meadowlark,0.0458,D:/AcousticMonitoringData/ELDON2_Data/Week19\ELDON2_20250515_060102.wav
1749.0,1752.0,Geothlypis trichas,Common Yellowthroat,0.0306,D:/AcousticMonitoringData/ELDON2_Data/Week19\ELDON2_20250515_060102.wav
1749.0,1752.0,Bartramia longicauda,Upland Sandpiper,0.0156,D:/AcousticMonitoringData/ELDON2_Data/Week19\ELDON2_20250515_060102.wav
1752.0,1755.0,Sturnella magna,Eastern Meadowlark,0.0216,D:/AcousticMonitoringData/ELDON2_Data/Week19\ELDON2_20250515_060102.wav
1752.0,1755.0,Geothlypis trichas,Common Yellowthroat,0.0207,D:/AcousticMonitoringData/ELDON2_Data/Week19\ELDON2_20250515_060102.wav
1755.0,1758.0,Sturnella magna,Eastern Meadowlark,0.0688,D:/AcousticMonitoringData/ELDON2_Data/Week19\ELDON2_20250515_060102.wav
1755.0,1758.0,Geothlypis trichas,Common Yellowthroat,0.0387,D:/AcousticMonitoringData/ELDON2_Data/Week19\ELDON2_20250515_060102.wav
1758.0,1761.0,Geothlypis trichas,Common Yellowthroat,0.1032,D:/AcousticMonitoringData/ELDON2_Data/Week19\ELDON2_20250515_060102.wav
1761.0,1764.0,Geothlypis trichas,Common Yellowthroat,0.1540,D:/AcousticMonitoringData/ELDON2_Data/Week19\ELDON2_20250515_060102.wav
1761.0,1764.0,Sturnella magna,Eastern Meadowlark,0.0150,D:/AcousticMonitoringData/ELDON2_Data/Week19\ELDON2_20250515_060102.wav
1764.0,1767.0,Sturnella magna,Eastern Meadowlark,0.0794,D:/AcousticMonitoringData/ELDON2_Data/Week19\ELDON2_20250515_060102.wav
1764.0,1767.0,Geothlypis trichas,Common Yellowthroat,0.0404,D:/AcousticMonitoringData/ELDON2_Data/Week19\ELDON2_20250515_060102.wav
1770.0,1773.0,Sturnella magna,Eastern Meadowlark,0.0182,D:/AcousticMonitoringData/ELDON2_Data/Week19\ELDON2_20250515_060102.wav
1773.0,1776.0,Geothlypis trichas,Common Yellowthroat,0.0453,D:/AcousticMonitoringData/ELDON2_Data/Week19\ELDON2_20250515_060102.wav
1776.0,1779.0,Sturnella magna,Eastern Meadowlark,0.0497,D:/AcousticMonitoringData/ELDON2_Data/Week19\ELDON2_20250515_060102.wav
1776.0,1779.0,Bartramia longicauda,Upland Sandpiper,0.0166,D:/AcousticMonitoringData/ELDON2_Data/Week19\ELDON2_20250515_060102.wav
1779.0,1782.0,Sturnella magna,Eastern Meadowlark,0.0776,D:/AcousticMonitoringData/ELDON2_Data/Week19\ELDON2_20250515_060102.wav
1782.0,1785.0,Geothlypis trichas,Common Yellowthroat,0.0723,D:/AcousticMonitoringData/ELDON2_Data/Week19\ELDON2_20250515_060102.wav
1785.0,1788.0,Geothlypis trichas,Common Yellowthroat,0.1045,D:/AcousticMonitoringData/ELDON2_Data/Week19\ELDON2_20250515_060102.wav
1788.0,1791.0,Geothlypis trichas,Common Yellowthroat,0.1668,D:/AcousticMonitoringData/ELDON2_Data/Week19\ELDON2_20250515_060102.wav
1788.0,1791.0,Melospiza melodia,Song Sparrow,0.0161,D:/AcousticMonitoringData/ELDON2_Data/Week19\ELDON2_20250515_060102.wav
1800.0,1803.0,Geothlypis trichas,Common Yellowthroat,0.0237,D:/AcousticMonitoringData/ELDON2_Data/Week19\ELDON2_20250515_060102.wav
1800.0,1803.0,Sturnella magna,Eastern Meadowlark,0.0111,D:/AcousticMonitoringData/ELDON2_Data/Week19\ELDON2_20250515_060102.wav
1806.0,1809.0,Sturnella magna,Eastern Meadowlark,0.0843,D:/AcousticMonitoringData/ELDON2_Data/Week19\ELDON2_20250515_060102.wav
1806.0,1809.0,Geothlypis trichas,Common Yellowthroat,0.0476,D:/AcousticMonitoringData/ELDON2_Data/Week19\ELDON2_20250515_060102.wav
1812.0,1815.0,Geothlypis trichas,Common Yellowthroat,0.0261,D:/AcousticMonitoringData/ELDON2_Data/Week19\ELDON2_20250515_060102.wav
1815.0,1818.0,Sturnella magna,Eastern Meadowlark,0.0421,D:/AcousticMonitoringData/ELDON2_Data/Week19\ELDON2_20250515_060102.wav
1815.0,1818.0,Eremophila alpestris,Horned Lark,0.0197,D:/AcousticMonitoringData/ELDON2_Data/Week19\ELDON2_20250515_060102.wav
1818.0,1821.0,Geothlypis trichas,Common Yellowthroat,0.0200,D:/AcousticMonitoringData/ELDON2_Data/Week19\ELDON2_20250515_060102.wav
1821.0,1824.0,Sturnella magna,Eastern Meadowlark,0.1142,D:/AcousticMonitoringData/ELDON2_Data/Week19\ELDON2_20250515_060102.wav
1821.0,1824.0,Geothlypis trichas,Common Yellowthroat,0.0361,D:/AcousticMonitoringData/ELDON2_Data/Week19\ELDON2_20250515_060102.wav
1824.0,1827.0,Geothlypis trichas,Common Yellowthroat,0.0332,D:/AcousticMonitoringData/ELDON2_Data/Week19\ELDON2_20250515_060102.wav
1824.0,1827.0,Sturnella magna,Eastern Meadowlark,0.0131,D:/AcousticMonitoringData/ELDON2_Data/Week19\ELDON2_20250515_060102.wav
1827.0,1830.0,Geothlypis trichas,Common Yellowthroat,0.0485,D:/AcousticMonitoringData/ELDON2_Data/Week19\ELDON2_20250515_060102.wav
1830.0,1833.0,Geothlypis trichas,Common Yellowthroat,0.0148,D:/AcousticMonitoringData/ELDON2_Data/Week19\ELDON2_20250515_060102.wav
1833.0,1836.0,Sturnella magna,Eastern Meadowlark,0.1461,D:/AcousticMonitoringData/ELDON2_Data/Week19\ELDON2_20250515_060102.wav
1833.0,1836.0,Geothlypis trichas,Common Yellowthroat,0.0326,D:/AcousticMonitoringData/ELDON2_Data/Week19\ELDON2_20250515_060102.wav
1836.0,1839.0,Sturnella magna,Eastern Meadowlark,0.0679,D:/AcousticMonitoringData/ELDON2_Data/Week19\ELDON2_20250515_060102.wav
1845.0,1848.0,Geothlypis trichas,Common Yellowthroat,0.0905,D:/AcousticMonitoringData/ELDON2_Data/Week19\ELDON2_20250515_060102.wav
1845.0,1848.0,Melospiza melodia,Song Sparrow,0.0105,D:/AcousticMonitoringData/ELDON2_Data/Week19\ELDON2_20250515_060102.wav
1848.0,1851.0,Geothlypis trichas,Common Yellowthroat,0.0797,D:/AcousticMonitoringData/ELDON2_Data/Week19\ELDON2_20250515_060102.wav
1848.0,1851.0,Sturnella magna,Eastern Meadowlark,0.0245,D:/AcousticMonitoringData/ELDON2_Data/Week19\ELDON2_20250515_060102.wav
1854.0,1857.0,Sturnella magna,Eastern Meadowlark,0.0756,D:/AcousticMonitoringData/ELDON2_Data/Week19\ELDON2_20250515_060102.wav
1854.0,1857.0,Geothlypis trichas,Common Yellowthroat,0.0159,D:/AcousticMonitoringData/ELDON2_Data/Week19\ELDON2_20250515_060102.wav
1860.0,1863.0,Geothlypis trichas,Common Yellowthroat,0.0729,D:/AcousticMonitoringData/ELDON2_Data/Week19\ELDON2_20250515_060102.wav
1860.0,1863.0,Sturnella magna,Eastern Meadowlark,0.0337,D:/AcousticMonitoringData/ELDON2_Data/Week19\ELDON2_20250515_060102.wav
1863.0,1866.0,Geothlypis trichas,Common Yellowthroat,0.0644,D:/AcousticMonitoringData/ELDON2_Data/Week19\ELDON2_20250515_060102.wav
1866.0,1869.0,Geothlypis trichas,Common Yellowthroat,0.0894,D:/AcousticMonitoringData/ELDON2_Data/Week19\ELDON2_20250515_060102.wav
1866.0,1869.0,Melospiza melodia,Song Sparrow,0.0183,D:/AcousticMonitoringData/ELDON2_Data/Week19\ELDON2_20250515_060102.wav
1872.0,1875.0,Geothlypis trichas,Common Yellowthroat,0.0235,D:/AcousticMonitoringData/ELDON2_Data/Week19\ELDON2_20250515_060102.wav
1875.0,1878.0,Geothlypis trichas,Common Yellowthroat,0.1282,D:/AcousticMonitoringData/ELDON2_Data/Week19\ELDON2_20250515_060102.wav
1875.0,1878.0,Melospiza melodia,Song Sparrow,0.0119,D:/AcousticMonitoringData/ELDON2_Data/Week19\ELDON2_20250515_060102.wav
1878.0,1881.0,Geothlypis trichas,Common Yellowthroat,0.0423,D:/AcousticMonitoringData/ELDON2_Data/Week19\ELDON2_20250515_060102.wav
1878.0,1881.0,Sturnella magna,Eastern Meadowlark,0.0238,D:/AcousticMonitoringData/ELDON2_Data/Week19\ELDON2_20250515_060102.wav
1878.0,1881.0,Melospiza melodia,Song Sparrow,0.0183,D:/AcousticMonitoringData/ELDON2_Data/Week19\ELDON2_20250515_060102.wav
1881.0,1884.0,Geothlypis trichas,Common Yellowthroat,0.0493,D:/AcousticMonitoringData/ELDON2_Data/Week19\ELDON2_20250515_060102.wav
1884.0,1887.0,Sturnella magna,Eastern Meadowlark,0.0366,D:/AcousticMonitoringData/ELDON2_Data/Week19\ELDON2_20250515_060102.wav
1884.0,1887.0,Geothlypis trichas,Common Yellowthroat,0.0263,D:/AcousticMonitoringData/ELDON2_Data/Week19\ELDON2_20250515_060102.wav
1884.0,1887.0,Melospiza melodia,Song Sparrow,0.0258,D:/AcousticMonitoringData/ELDON2_Data/Week19\ELDON2_20250515_060102.wav
1887.0,1890.0,Geothlypis trichas,Common Yellowthroat,0.0538,D:/AcousticMonitoringData/ELDON2_Data/Week19\ELDON2_20250515_060102.wav
1890.0,1893.0,Geothlypis trichas,Common Yellowthroat,0.0960,D:/AcousticMonitoringData/ELDON2_Data/Week19\ELDON2_20250515_060102.wav
1890.0,1893.0,Sturnella magna,Eastern Meadowlark,0.0427,D:/AcousticMonitoringData/ELDON2_Data/Week19\ELDON2_20250515_060102.wav
1890.0,1893.0,Melospiza melodia,Song Sparrow,0.0136,D:/AcousticMonitoringData/ELDON2_Data/Week19\ELDON2_20250515_060102.wav
1893.0,1896.0,Geothlypis trichas,Common Yellowthroat,0.0605,D:/AcousticMonitoringData/ELDON2_Data/Week19\ELDON2_20250515_060102.wav
1896.0,1899.0,Geothlypis trichas,Common Yellowthroat,0.0851,D:/AcousticMonitoringData/ELDON2_Data/Week19\ELDON2_20250515_060102.wav
1899.0,1902.0,Geothlypis trichas,Common Yellowthroat,0.2035,D:/AcousticMonitoringData/ELDON2_Data/Week19\ELDON2_20250515_060102.wav
1899.0,1902.0,Melospiza melodia,Song Sparrow,0.0200,D:/AcousticMonitoringData/ELDON2_Data/Week19\ELDON2_20250515_060102.wav
1902.0,1905.0,Geothlypis trichas,Common Yellowthroat,0.0904,D:/AcousticMonitoringData/ELDON2_Data/Week19\ELDON2_20250515_060102.wav
1908.0,1911.0,Sturnella magna,Eastern Meadowlark,0.1318,D:/AcousticMonitoringData/ELDON2_Data/Week19\ELDON2_20250515_060102.wav
1908.0,1911.0,Geothlypis trichas,Common Yellowthroat,0.0194,D:/AcousticMonitoringData/ELDON2_Data/Week19\ELDON2_20250515_060102.wav
1911.0,1914.0,Geothlypis trichas,Common Yellowthroat,0.1945,D:/AcousticMonitoringData/ELDON2_Data/Week19\ELDON2_20250515_060102.wav
1914.0,1917.0,Geothlypis trichas,Common Yellowthroat,0.0169,D:/AcousticMonitoringData/ELDON2_Data/Week19\ELDON2_20250515_060102.wav
1917.0,1920.0,Geothlypis trichas,Common Yellowthroat,0.0328,D:/AcousticMonitoringData/ELDON2_Data/Week19\ELDON2_20250515_060102.wav
1917.0,1920.0,Sturnella magna,Eastern Meadowlark,0.0202,D:/AcousticMonitoringData/ELDON2_Data/Week19\ELDON2_20250515_060102.wav
1920.0,1923.0,Sturnella magna,Eastern Meadowlark,0.0137,D:/AcousticMonitoringData/ELDON2_Data/Week19\ELDON2_20250515_060102.wav
1926.0,1929.0,Sturnella magna,Eastern Meadowlark,0.0495,D:/AcousticMonitoringData/ELDON2_Data/Week19\ELDON2_20250515_060102.wav
1926.0,1929.0,Geothlypis trichas,Common Yellowthroat,0.0320,D:/AcousticMonitoringData/ELDON2_Data/Week19\ELDON2_20250515_060102.wav
1926.0,1929.0,Melospiza melodia,Song Sparrow,0.0101,D:/AcousticMonitoringData/ELDON2_Data/Week19\ELDON2_20250515_060102.wav
1944.0,1947.0,Geothlypis trichas,Common Yellowthroat,0.0564,D:/AcousticMonitoringData/ELDON2_Data/Week19\ELDON2_20250515_060102.wav
1947.0,1950.0,Sturnella magna,Eastern Meadowlark,0.0162,D:/AcousticMonitoringData/ELDON2_Data/Week19\ELDON2_20250515_060102.wav
1947.0,1950.0,Geothlypis trichas,Common Yellowthroat,0.0119,D:/AcousticMonitoringData/ELDON2_Data/Week19\ELDON2_20250515_060102.wav
1950.0,1953.0,Geothlypis trichas,Common Yellowthroat,0.0173,D:/AcousticMonitoringData/ELDON2_Data/Week19\ELDON2_20250515_060102.wav
1953.0,1956.0,Sturnella magna,Eastern Meadowlark,0.0611,D:/AcousticMonitoringData/ELDON2_Data/Week19\ELDON2_20250515_060102.wav
1953.0,1956.0,Geothlypis trichas,Common Yellowthroat,0.0299,D:/AcousticMonitoringData/ELDON2_Data/Week19\ELDON2_20250515_060102.wav
1959.0,1962.0,Geothlypis trichas,Common Yellowthroat,0.0281,D:/AcousticMonitoringData/ELDON2_Data/Week19\ELDON2_20250515_060102.wav
1962.0,1965.0,Sturnella magna,Eastern Meadowlark,0.0268,D:/AcousticMonitoringData/ELDON2_Data/Week19\ELDON2_20250515_060102.wav
1962.0,1965.0,Geothlypis trichas,Common Yellowthroat,0.0201,D:/AcousticMonitoringData/ELDON2_Data/Week19\ELDON2_20250515_060102.wav
1968.0,1971.0,Geothlypis trichas,Common Yellowthroat,0.0281,D:/AcousticMonitoringData/ELDON2_Data/Week19\ELDON2_20250515_060102.wav
1971.0,1974.0,Geothlypis trichas,Common Yellowthroat,0.0188,D:/AcousticMonitoringData/ELDON2_Data/Week19\ELDON2_20250515_060102.wav
1977.0,1980.0,Bartramia longicauda,Upland Sandpiper,0.0708,D:/AcousticMonitoringData/ELDON2_Data/Week19\ELDON2_20250515_060102.wav
1977.0,1980.0,Sturnella magna,Eastern Meadowlark,0.0252,D:/AcousticMonitoringData/ELDON2_Data/Week19\ELDON2_20250515_060102.wav
1977.0,1980.0,Geothlypis trichas,Common Yellowthroat,0.0124,D:/AcousticMonitoringData/ELDON2_Data/Week19\ELDON2_20250515_060102.wav
1986.0,1989.0,Geothlypis trichas,Common Yellowthroat,0.0117,D:/AcousticMonitoringData/ELDON2_Data/Week19\ELDON2_20250515_060102.wav
1989.0,1992.0,Bartramia longicauda,Upland Sandpiper,0.0173,D:/AcousticMonitoringData/ELDON2_Data/Week19\ELDON2_20250515_060102.wav
1989.0,1992.0,Geothlypis trichas,Common Yellowthroat,0.0171,D:/AcousticMonitoringData/ELDON2_Data/Week19\ELDON2_20250515_060102.wav
1989.0,1992.0,Sturnella magna,Eastern Meadowlark,0.0151,D:/AcousticMonitoringData/ELDON2_Data/Week19\ELDON2_20250515_060102.wav
1992.0,1995.0,Geothlypis trichas,Common Yellowthroat,0.0213,D:/AcousticMonitoringData/ELDON2_Data/Week19\ELDON2_20250515_060102.wav
1995.0,1998.0,Geothlypis trichas,Common Yellowthroat,0.0590,D:/AcousticMonitoringData/ELDON2_Data/Week19\ELDON2_20250515_060102.wav
2001.0,2004.0,Geothlypis trichas,Common Yellowthroat,0.0107,D:/AcousticMonitoringData/ELDON2_Data/Week19\ELDON2_20250515_060102.wav
2001.0,2004.0,Sturnella magna,Eastern Meadowlark,0.0105,D:/AcousticMonitoringData/ELDON2_Data/Week19\ELDON2_20250515_060102.wav
2010.0,2013.0,Geothlypis trichas,Common Yellowthroat,0.0113,D:/AcousticMonitoringData/ELDON2_Data/Week19\ELDON2_20250515_060102.wav
2013.0,2016.0,Geothlypis trichas,Common Yellowthroat,0.0319,D:/AcousticMonitoringData/ELDON2_Data/Week19\ELDON2_20250515_060102.wav
2016.0,2019.0,Geothlypis trichas,Common Yellowthroat,0.0259,D:/AcousticMonitoringData/ELDON2_Data/Week19\ELDON2_20250515_060102.wav
2022.0,2025.0,Sturnella magna,Eastern Meadowlark,0.0189,D:/AcousticMonitoringData/ELDON2_Data/Week19\ELDON2_20250515_060102.wav
2025.0,2028.0,Geothlypis trichas,Common Yellowthroat,0.0684,D:/AcousticMonitoringData/ELDON2_Data/Week19\ELDON2_20250515_060102.wav
2028.0,2031.0,Geothlypis trichas,Common Yellowthroat,0.0387,D:/AcousticMonitoringData/ELDON2_Data/Week19\ELDON2_20250515_060102.wav
2028.0,2031.0,Sturnella magna,Eastern Meadowlark,0.0118,D:/AcousticMonitoringData/ELDON2_Data/Week19\ELDON2_20250515_060102.wav
2031.0,2034.0,Geothlypis trichas,Common Yellowthroat,0.0827,D:/AcousticMonitoringData/ELDON2_Data/Week19\ELDON2_20250515_060102.wav
2037.0,2040.0,Sturnella magna,Eastern Meadowlark,0.0742,D:/AcousticMonitoringData/ELDON2_Data/Week19\ELDON2_20250515_060102.wav
2037.0,2040.0,Geothlypis trichas,Common Yellowthroat,0.0194,D:/AcousticMonitoringData/ELDON2_Data/Week19\ELDON2_20250515_060102.wav
2043.0,2046.0,Sturnella magna,Eastern Meadowlark,0.1594,D:/AcousticMonitoringData/ELDON2_Data/Week19\ELDON2_20250515_060102.wav
2043.0,2046.0,Geothlypis trichas,Common Yellowthroat,0.0670,D:/AcousticMonitoringData/ELDON2_Data/Week19\ELDON2_20250515_060102.wav
2046.0,2049.0,Geothlypis trichas,Common Yellowthroat,0.1787,D:/AcousticMonitoringData/ELDON2_Data/Week19\ELDON2_20250515_060102.wav
2046.0,2049.0,Melospiza melodia,Song Sparrow,0.0156,D:/AcousticMonitoringData/ELDON2_Data/Week19\ELDON2_20250515_060102.wav
2049.0,2052.0,Geothlypis trichas,Common Yellowthroat,0.0235,D:/AcousticMonitoringData/ELDON2_Data/Week19\ELDON2_20250515_060102.wav
2052.0,2055.0,Geothlypis trichas,Common Yellowthroat,0.0114,D:/AcousticMonitoringData/ELDON2_Data/Week19\ELDON2_20250515_060102.wav
2055.0,2058.0,Geothlypis trichas,Common Yellowthroat,0.1041,D:/AcousticMonitoringData/ELDON2_Data/Week19\ELDON2_20250515_060102.wav
2058.0,2061.0,Geothlypis trichas,Common Yellowthroat,0.0951,D:/AcousticMonitoringData/ELDON2_Data/Week19\ELDON2_20250515_060102.wav
2061.0,2064.0,Geothlypis trichas,Common Yellowthroat,0.0506,D:/AcousticMonitoringData/ELDON2_Data/Week19\ELDON2_20250515_060102.wav
2064.0,2067.0,Geothlypis trichas,Common Yellowthroat,0.0537,D:/AcousticMonitoringData/ELDON2_Data/Week19\ELDON2_20250515_060102.wav
2067.0,2070.0,Geothlypis trichas,Common Yellowthroat,0.0959,D:/AcousticMonitoringData/ELDON2_Data/Week19\ELDON2_20250515_060102.wav
2070.0,2073.0,Geothlypis trichas,Common Yellowthroat,0.0254,D:/AcousticMonitoringData/ELDON2_Data/Week19\ELDON2_20250515_060102.wav
2073.0,2076.0,Geothlypis trichas,Common Yellowthroat,0.1795,D:/AcousticMonitoringData/ELDON2_Data/Week19\ELDON2_20250515_060102.wav
2076.0,2079.0,Sturnella magna,Eastern Meadowlark,0.0158,D:/AcousticMonitoringData/ELDON2_Data/Week19\ELDON2_20250515_060102.wav
2076.0,2079.0,Geothlypis trichas,Common Yellowthroat,0.0144,D:/AcousticMonitoringData/ELDON2_Data/Week19\ELDON2_20250515_060102.wav
2079.0,2082.0,Geothlypis trichas,Common Yellowthroat,0.0863,D:/AcousticMonitoringData/ELDON2_Data/Week19\ELDON2_20250515_060102.wav
2082.0,2085.0,Geothlypis trichas,Common Yellowthroat,0.0213,D:/AcousticMonitoringData/ELDON2_Data/Week19\ELDON2_20250515_060102.wav
2085.0,2088.0,Geothlypis trichas,Common Yellowthroat,0.0256,D:/AcousticMonitoringData/ELDON2_Data/Week19\ELDON2_20250515_060102.wav
2088.0,2091.0,Geothlypis trichas,Common Yellowthroat,0.1389,D:/AcousticMonitoringData/ELDON2_Data/Week19\ELDON2_20250515_060102.wav
2091.0,2094.0,Geothlypis trichas,Common Yellowthroat,0.0416,D:/AcousticMonitoringData/ELDON2_Data/Week19\ELDON2_20250515_060102.wav
2091.0,2094.0,Sturnella magna,Eastern Meadowlark,0.0276,D:/AcousticMonitoringData/ELDON2_Data/Week19\ELDON2_20250515_060102.wav
2094.0,2097.0,Geothlypis trichas,Common Yellowthroat,0.1941,D:/AcousticMonitoringData/ELDON2_Data/Week19\ELDON2_20250515_060102.wav
2097.0,2100.0,Sturnella magna,Eastern Meadowlark,0.1096,D:/AcousticMonitoringData/ELDON2_Data/Week19\ELDON2_20250515_060102.wav
2097.0,2100.0,Geothlypis trichas,Common Yellowthroat,0.0587,D:/AcousticMonitoringData/ELDON2_Data/Week19\ELDON2_20250515_060102.wav
2097.0,2100.0,Melospiza melodia,Song Sparrow,0.0230,D:/AcousticMonitoringData/ELDON2_Data/Week19\ELDON2_20250515_060102.wav
2097.0,2100.0,Bartramia longicauda,Upland Sandpiper,0.0174,D:/AcousticMonitoringData/ELDON2_Data/Week19\ELDON2_20250515_060102.wav
2100.0,2103.0,Geothlypis trichas,Common Yellowthroat,0.1705,D:/AcousticMonitoringData/ELDON2_Data/Week19\ELDON2_20250515_060102.wav
2100.0,2103.0,Sturnella magna,Eastern Meadowlark,0.0191,D:/AcousticMonitoringData/ELDON2_Data/Week19\ELDON2_20250515_060102.wav
2100.0,2103.0,Melospiza melodia,Song Sparrow,0.0146,D:/AcousticMonitoringData/ELDON2_Data/Week19\ELDON2_20250515_060102.wav
2103.0,2106.0,Geothlypis trichas,Common Yellowthroat,0.0250,D:/AcousticMonitoringData/ELDON2_Data/Week19\ELDON2_20250515_060102.wav
2106.0,2109.0,Geothlypis trichas,Common Yellowthroat,0.1048,D:/AcousticMonitoringData/ELDON2_Data/Week19\ELDON2_20250515_060102.wav
2106.0,2109.0,Sturnella magna,Eastern Meadowlark,0.0878,D:/AcousticMonitoringData/ELDON2_Data/Week19\ELDON2_20250515_060102.wav
2106.0,2109.0,Melospiza melodia,Song Sparrow,0.0112,D:/AcousticMonitoringData/ELDON2_Data/Week19\ELDON2_20250515_060102.wav
2109.0,2112.0,Geothlypis trichas,Common Yellowthroat,0.0858,D:/AcousticMonitoringData/ELDON2_Data/Week19\ELDON2_20250515_060102.wav
2112.0,2115.0,Sturnella magna,Eastern Meadowlark,0.1524,D:/AcousticMonitoringData/ELDON2_Data/Week19\ELDON2_20250515_060102.wav
2112.0,2115.0,Geothlypis trichas,Common Yellowthroat,0.1014,D:/AcousticMonitoringData/ELDON2_Data/Week19\ELDON2_20250515_060102.wav
2112.0,2115.0,Melospiza melodia,Song Sparrow,0.0139,D:/AcousticMonitoringData/ELDON2_Data/Week19\ELDON2_20250515_060102.wav
2115.0,2118.0,Geothlypis trichas,Common Yellowthroat,0.1040,D:/AcousticMonitoringData/ELDON2_Data/Week19\ELDON2_20250515_060102.wav
2115.0,2118.0,Melospiza melodia,Song Sparrow,0.0360,D:/AcousticMonitoringData/ELDON2_Data/Week19\ELDON2_20250515_060102.wav
2118.0,2121.0,Geothlypis trichas,Common Yellowthroat,0.0131,D:/AcousticMonitoringData/ELDON2_Data/Week19\ELDON2_20250515_060102.wav
2121.0,2124.0,Geothlypis trichas,Common Yellowthroat,0.0513,D:/AcousticMonitoringData/ELDON2_Data/Week19\ELDON2_20250515_060102.wav
2124.0,2127.0,Geothlypis trichas,Common Yellowthroat,0.0824,D:/AcousticMonitoringData/ELDON2_Data/Week19\ELDON2_20250515_060102.wav
2127.0,2130.0,Geothlypis trichas,Common Yellowthroat,0.0273,D:/AcousticMonitoringData/ELDON2_Data/Week19\ELDON2_20250515_060102.wav
2130.0,2133.0,Geothlypis trichas,Common Yellowthroat,0.1285,D:/AcousticMonitoringData/ELDON2_Data/Week19\ELDON2_20250515_060102.wav
2130.0,2133.0,Sturnella magna,Eastern Meadowlark,0.0303,D:/AcousticMonitoringData/ELDON2_Data/Week19\ELDON2_20250515_060102.wav
2130.0,2133.0,Melospiza melodia,Song Sparrow,0.0189,D:/AcousticMonitoringData/ELDON2_Data/Week19\ELDON2_20250515_060102.wav
2130.0,2133.0,Bartramia longicauda,Upland Sandpiper,0.0176,D:/AcousticMonitoringData/ELDON2_Data/Week19\ELDON2_20250515_060102.wav
2136.0,2139.0,Geothlypis trichas,Common Yellowthroat,0.0536,D:/AcousticMonitoringData/ELDON2_Data/Week19\ELDON2_20250515_060102.wav
2136.0,2139.0,Sturnella magna,Eastern Meadowlark,0.0113,D:/AcousticMonitoringData/ELDON2_Data/Week19\ELDON2_20250515_060102.wav
2139.0,2142.0,Sturnella magna,Eastern Meadowlark,0.0236,D:/AcousticMonitoringData/ELDON2_Data/Week19\ELDON2_20250515_060102.wav
2142.0,2145.0,Geothlypis trichas,Common Yellowthroat,0.0692,D:/AcousticMonitoringData/ELDON2_Data/Week19\ELDON2_20250515_060102.wav
2145.0,2148.0,Sturnella magna,Eastern Meadowlark,0.0298,D:/AcousticMonitoringData/ELDON2_Data/Week19\ELDON2_20250515_060102.wav
2157.0,2160.0,Geothlypis trichas,Common Yellowthroat,0.0115,D:/AcousticMonitoringData/ELDON2_Data/Week19\ELDON2_20250515_060102.wav
2160.0,2163.0,Geothlypis trichas,Common Yellowthroat,0.1311,D:/AcousticMonitoringData/ELDON2_Data/Week19\ELDON2_20250515_060102.wav
2160.0,2163.0,Sturnella magna,Eastern Meadowlark,0.1102,D:/AcousticMonitoringData/ELDON2_Data/Week19\ELDON2_20250515_060102.wav
2163.0,2166.0,Geothlypis trichas,Common Yellowthroat,0.0727,D:/AcousticMonitoringData/ELDON2_Data/Week19\ELDON2_20250515_060102.wav
2166.0,2169.0,Sturnella magna,Eastern Meadowlark,0.0185,D:/AcousticMonitoringData/ELDON2_Data/Week19\ELDON2_20250515_060102.wav
2166.0,2169.0,Geothlypis trichas,Common Yellowthroat,0.0119,D:/AcousticMonitoringData/ELDON2_Data/Week19\ELDON2_20250515_060102.wav
2169.0,2172.0,Geothlypis trichas,Common Yellowthroat,0.0812,D:/AcousticMonitoringData/ELDON2_Data/Week19\ELDON2_20250515_060102.wav
2169.0,2172.0,Sturnella magna,Eastern Meadowlark,0.0116,D:/AcousticMonitoringData/ELDON2_Data/Week19\ELDON2_20250515_060102.wav
2172.0,2175.0,Geothlypis trichas,Common Yellowthroat,0.0237,D:/AcousticMonitoringData/ELDON2_Data/Week19\ELDON2_20250515_060102.wav
2175.0,2178.0,Geothlypis trichas,Common Yellowthroat,0.0647,D:/AcousticMonitoringData/ELDON2_Data/Week19\ELDON2_20250515_060102.wav
2178.0,2181.0,Geothlypis trichas,Common Yellowthroat,0.0183,D:/AcousticMonitoringData/ELDON2_Data/Week19\ELDON2_20250515_060102.wav
2181.0,2184.0,Geothlypis trichas,Common Yellowthroat,0.0782,D:/AcousticMonitoringData/ELDON2_Data/Week19\ELDON2_20250515_060102.wav
2184.0,2187.0,Geothlypis trichas,Common Yellowthroat,0.0946,D:/AcousticMonitoringData/ELDON2_Data/Week19\ELDON2_20250515_060102.wav
2187.0,2190.0,Geothlypis trichas,Common Yellowthroat,0.0529,D:/AcousticMonitoringData/ELDON2_Data/Week19\ELDON2_20250515_060102.wav
2190.0,2193.0,Geothlypis trichas,Common Yellowthroat,0.0599,D:/AcousticMonitoringData/ELDON2_Data/Week19\ELDON2_20250515_060102.wav
2190.0,2193.0,Sturnella magna,Eastern Meadowlark,0.0354,D:/AcousticMonitoringData/ELDON2_Data/Week19\ELDON2_20250515_060102.wav
2193.0,2196.0,Geothlypis trichas,Common Yellowthroat,0.0394,D:/AcousticMonitoringData/ELDON2_Data/Week19\ELDON2_20250515_060102.wav
2196.0,2199.0,Geothlypis trichas,Common Yellowthroat,0.0402,D:/AcousticMonitoringData/ELDON2_Data/Week19\ELDON2_20250515_060102.wav
2196.0,2199.0,Sturnella magna,Eastern Meadowlark,0.0400,D:/AcousticMonitoringData/ELDON2_Data/Week19\ELDON2_20250515_060102.wav
2199.0,2202.0,Geothlypis trichas,Common Yellowthroat,0.0168,D:/AcousticMonitoringData/ELDON2_Data/Week19\ELDON2_20250515_060102.wav
2205.0,2208.0,Geothlypis trichas,Common Yellowthroat,0.1867,D:/AcousticMonitoringData/ELDON2_Data/Week19\ELDON2_20250515_060102.wav
2205.0,2208.0,Sturnella magna,Eastern Meadowlark,0.0120,D:/AcousticMonitoringData/ELDON2_Data/Week19\ELDON2_20250515_060102.wav
2208.0,2211.0,Geothlypis trichas,Common Yellowthroat,0.0273,D:/AcousticMonitoringData/ELDON2_Data/Week19\ELDON2_20250515_060102.wav
2211.0,2214.0,Geothlypis trichas,Common Yellowthroat,0.0892,D:/AcousticMonitoringData/ELDON2_Data/Week19\ELDON2_20250515_060102.wav
2211.0,2214.0,Spizella pusilla,Field Sparrow,0.0199,D:/AcousticMonitoringData/ELDON2_Data/Week19\ELDON2_20250515_060102.wav
2211.0,2214.0,Sturnella magna,Eastern Meadowlark,0.0118,D:/AcousticMonitoringData/ELDON2_Data/Week19\ELDON2_20250515_060102.wav
2214.0,2217.0,Sturnella magna,Eastern Meadowlark,0.0600,D:/AcousticMonitoringData/ELDON2_Data/Week19\ELDON2_20250515_060102.wav
2214.0,2217.0,Geothlypis trichas,Common Yellowthroat,0.0155,D:/AcousticMonitoringData/ELDON2_Data/Week19\ELDON2_20250515_060102.wav
2223.0,2226.0,Sturnella magna,Eastern Meadowlark,0.0383,D:/AcousticMonitoringData/ELDON2_Data/Week19\ELDON2_20250515_060102.wav
2223.0,2226.0,Geothlypis trichas,Common Yellowthroat,0.0119,D:/AcousticMonitoringData/ELDON2_Data/Week19\ELDON2_20250515_060102.wav
2226.0,2229.0,Geothlypis trichas,Common Yellowthroat,0.0117,D:/AcousticMonitoringData/ELDON2_Data/Week19\ELDON2_20250515_060102.wav
2241.0,2244.0,Geothlypis trichas,Common Yellowthroat,0.0479,D:/AcousticMonitoringData/ELDON2_Data/Week19\ELDON2_20250515_060102.wav
2244.0,2247.0,Geothlypis trichas,Common Yellowthroat,0.0381,D:/AcousticMonitoringData/ELDON2_Data/Week19\ELDON2_20250515_060102.wav
2244.0,2247.0,Sturnella magna,Eastern Meadowlark,0.0108,D:/AcousticMonitoringData/ELDON2_Data/Week19\ELDON2_20250515_060102.wav
2247.0,2250.0,Sturnella magna,Eastern Meadowlark,0.0635,D:/AcousticMonitoringData/ELDON2_Data/Week19\ELDON2_20250515_060102.wav
2247.0,2250.0,Geothlypis trichas,Common Yellowthroat,0.0288,D:/AcousticMonitoringData/ELDON2_Data/Week19\ELDON2_20250515_060102.wav
2253.0,2256.0,Geothlypis trichas,Common Yellowthroat,0.0331,D:/AcousticMonitoringData/ELDON2_Data/Week19\ELDON2_20250515_060102.wav
2256.0,2259.0,Geothlypis trichas,Common Yellowthroat,0.0567,D:/AcousticMonitoringData/ELDON2_Data/Week19\ELDON2_20250515_060102.wav
2256.0,2259.0,Melospiza melodia,Song Sparrow,0.0139,D:/AcousticMonitoringData/ELDON2_Data/Week19\ELDON2_20250515_060102.wav
2259.0,2262.0,Geothlypis trichas,Common Yellowthroat,0.0265,D:/AcousticMonitoringData/ELDON2_Data/Week19\ELDON2_20250515_060102.wav
2262.0,2265.0,Geothlypis trichas,Common Yellowthroat,0.0401,D:/AcousticMonitoringData/ELDON2_Data/Week19\ELDON2_20250515_060102.wav
2262.0,2265.0,Melospiza melodia,Song Sparrow,0.0144,D:/AcousticMonitoringData/ELDON2_Data/Week19\ELDON2_20250515_060102.wav
2268.0,2271.0,Geothlypis trichas,Common Yellowthroat,0.0468,D:/AcousticMonitoringData/ELDON2_Data/Week19\ELDON2_20250515_060102.wav
2268.0,2271.0,Sturnella magna,Eastern Meadowlark,0.0145,D:/AcousticMonitoringData/ELDON2_Data/Week19\ELDON2_20250515_060102.wav
2271.0,2274.0,Geothlypis trichas,Common Yellowthroat,0.0525,D:/AcousticMonitoringData/ELDON2_Data/Week19\ELDON2_20250515_060102.wav
2277.0,2280.0,Geothlypis trichas,Common Yellowthroat,0.0559,D:/AcousticMonitoringData/ELDON2_Data/Week19\ELDON2_20250515_060102.wav
2280.0,2283.0,Sturnella magna,Eastern Meadowlark,0.0518,D:/AcousticMonitoringData/ELDON2_Data/Week19\ELDON2_20250515_060102.wav
2280.0,2283.0,Geothlypis trichas,Common Yellowthroat,0.0439,D:/AcousticMonitoringData/ELDON2_Data/Week19\ELDON2_20250515_060102.wav
2283.0,2286.0,Geothlypis trichas,Common Yellowthroat,0.0339,D:/AcousticMonitoringData/ELDON2_Data/Week19\ELDON2_20250515_060102.wav
2301.0,2304.0,Sturnella magna,Eastern Meadowlark,0.0854,D:/AcousticMonitoringData/ELDON2_Data/Week19\ELDON2_20250515_060102.wav
2310.0,2313.0,Sturnella magna,Eastern Meadowlark,0.0209,D:/AcousticMonitoringData/ELDON2_Data/Week19\ELDON2_20250515_060102.wav
2313.0,2316.0,Geothlypis trichas,Common Yellowthroat,0.0263,D:/AcousticMonitoringData/ELDON2_Data/Week19\ELDON2_20250515_060102.wav
2313.0,2316.0,Sturnella magna,Eastern Meadowlark,0.0111,D:/AcousticMonitoringData/ELDON2_Data/Week19\ELDON2_20250515_060102.wav
2325.0,2328.0,Geothlypis trichas,Common Yellowthroat,0.0236,D:/AcousticMonitoringData/ELDON2_Data/Week19\ELDON2_20250515_060102.wav
2328.0,2331.0,Sturnella magna,Eastern Meadowlark,0.0209,D:/AcousticMonitoringData/ELDON2_Data/Week19\ELDON2_20250515_060102.wav
2328.0,2331.0,Geothlypis trichas,Common Yellowthroat,0.0142,D:/AcousticMonitoringData/ELDON2_Data/Week19\ELDON2_20250515_060102.wav
2331.0,2334.0,Geothlypis trichas,Common Yellowthroat,0.0102,D:/AcousticMonitoringData/ELDON2_Data/Week19\ELDON2_20250515_060102.wav
2334.0,2337.0,Geothlypis trichas,Common Yellowthroat,0.0144,D:/AcousticMonitoringData/ELDON2_Data/Week19\ELDON2_20250515_060102.wav
2337.0,2340.0,Geothlypis trichas,Common Yellowthroat,0.0142,D:/AcousticMonitoringData/ELDON2_Data/Week19\ELDON2_20250515_060102.wav
2340.0,2343.0,Geothlypis trichas,Common Yellowthroat,0.0546,D:/AcousticMonitoringData/ELDON2_Data/Week19\ELDON2_20250515_060102.wav
2343.0,2346.0,Geothlypis trichas,Common Yellowthroat,0.0113,D:/AcousticMonitoringData/ELDON2_Data/Week19\ELDON2_20250515_060102.wav
2343.0,2346.0,Melospiza melodia,Song Sparrow,0.0110,D:/AcousticMonitoringData/ELDON2_Data/Week19\ELDON2_20250515_060102.wav
2349.0,2352.0,Geothlypis trichas,Common Yellowthroat,0.0336,D:/AcousticMonitoringData/ELDON2_Data/Week19\ELDON2_20250515_060102.wav
2352.0,2355.0,Geothlypis trichas,Common Yellowthroat,0.0575,D:/AcousticMonitoringData/ELDON2_Data/Week19\ELDON2_20250515_060102.wav
2358.0,2361.0,Geothlypis trichas,Common Yellowthroat,0.0725,D:/AcousticMonitoringData/ELDON2_Data/Week19\ELDON2_20250515_060102.wav
2358.0,2361.0,Sturnella magna,Eastern Meadowlark,0.0207,D:/AcousticMonitoringData/ELDON2_Data/Week19\ELDON2_20250515_060102.wav
2358.0,2361.0,Melospiza melodia,Song Sparrow,0.0119,D:/AcousticMonitoringData/ELDON2_Data/Week19\ELDON2_20250515_060102.wav
2358.0,2361.0,Spizella pusilla,Field Sparrow,0.0101,D:/AcousticMonitoringData/ELDON2_Data/Week19\ELDON2_20250515_060102.wav
2361.0,2364.0,Geothlypis trichas,Common Yellowthroat,0.0288,D:/AcousticMonitoringData/ELDON2_Data/Week19\ELDON2_20250515_060102.wav
2364.0,2367.0,Geothlypis trichas,Common Yellowthroat,0.0108,D:/AcousticMonitoringData/ELDON2_Data/Week19\ELDON2_20250515_060102.wav
2367.0,2370.0,Sturnella magna,Eastern Meadowlark,0.0126,D:/AcousticMonitoringData/ELDON2_Data/Week19\ELDON2_20250515_060102.wav
2367.0,2370.0,Geothlypis trichas,Common Yellowthroat,0.0111,D:/AcousticMonitoringData/ELDON2_Data/Week19\ELDON2_20250515_060102.wav
2370.0,2373.0,Geothlypis trichas,Common Yellowthroat,0.0220,D:/AcousticMonitoringData/ELDON2_Data/Week19\ELDON2_20250515_060102.wav
2373.0,2376.0,Geothlypis trichas,Common Yellowthroat,0.0221,D:/AcousticMonitoringData/ELDON2_Data/Week19\ELDON2_20250515_060102.wav
2379.0,2382.0,Geothlypis trichas,Common Yellowthroat,0.0328,D:/AcousticMonitoringData/ELDON2_Data/Week19\ELDON2_20250515_060102.wav
2382.0,2385.0,Sturnella magna,Eastern Meadowlark,0.0213,D:/AcousticMonitoringData/ELDON2_Data/Week19\ELDON2_20250515_060102.wav
2382.0,2385.0,Geothlypis trichas,Common Yellowthroat,0.0158,D:/AcousticMonitoringData/ELDON2_Data/Week19\ELDON2_20250515_060102.wav
2385.0,2388.0,Geothlypis trichas,Common Yellowthroat,0.0358,D:/AcousticMonitoringData/ELDON2_Data/Week19\ELDON2_20250515_060102.wav
2388.0,2391.0,Geothlypis trichas,Common Yellowthroat,0.0558,D:/AcousticMonitoringData/ELDON2_Data/Week19\ELDON2_20250515_060102.wav
2397.0,2400.0,Geothlypis trichas,Common Yellowthroat,0.0570,D:/AcousticMonitoringData/ELDON2_Data/Week19\ELDON2_20250515_060102.wav
2397.0,2400.0,Melospiza melodia,Song Sparrow,0.0123,D:/AcousticMonitoringData/ELDON2_Data/Week19\ELDON2_20250515_060102.wav
2400.0,2403.0,Geothlypis trichas,Common Yellowthroat,0.1441,D:/AcousticMonitoringData/ELDON2_Data/Week19\ELDON2_20250515_060102.wav
2400.0,2403.0,Melospiza melodia,Song Sparrow,0.0136,D:/AcousticMonitoringData/ELDON2_Data/Week19\ELDON2_20250515_060102.wav
2403.0,2406.0,Geothlypis trichas,Common Yellowthroat,0.0169,D:/AcousticMonitoringData/ELDON2_Data/Week19\ELDON2_20250515_060102.wav
2406.0,2409.0,Geothlypis trichas,Common Yellowthroat,0.0731,D:/AcousticMonitoringData/ELDON2_Data/Week19\ELDON2_20250515_060102.wav
2406.0,2409.0,Melospiza melodia,Song Sparrow,0.0118,D:/AcousticMonitoringData/ELDON2_Data/Week19\ELDON2_20250515_060102.wav
2409.0,2412.0,Geothlypis trichas,Common Yellowthroat,0.1303,D:/AcousticMonitoringData/ELDON2_Data/Week19\ELDON2_20250515_060102.wav
2412.0,2415.0,Geothlypis trichas,Common Yellowthroat,0.0884,D:/AcousticMonitoringData/ELDON2_Data/Week19\ELDON2_20250515_060102.wav
2412.0,2415.0,Sturnella magna,Eastern Meadowlark,0.0119,D:/AcousticMonitoringData/ELDON2_Data/Week19\ELDON2_20250515_060102.wav
2415.0,2418.0,Geothlypis trichas,Common Yellowthroat,0.1293,D:/AcousticMonitoringData/ELDON2_Data/Week19\ELDON2_20250515_060102.wav
2418.0,2421.0,Geothlypis trichas,Common Yellowthroat,0.1530,D:/AcousticMonitoringData/ELDON2_Data/Week19\ELDON2_20250515_060102.wav
2421.0,2424.0,Geothlypis trichas,Common Yellowthroat,0.1069,D:/AcousticMonitoringData/ELDON2_Data/Week19\ELDON2_20250515_060102.wav
2424.0,2427.0,Geothlypis trichas,Common Yellowthroat,0.1750,D:/AcousticMonitoringData/ELDON2_Data/Week19\ELDON2_20250515_060102.wav
2424.0,2427.0,Melospiza melodia,Song Sparrow,0.0146,D:/AcousticMonitoringData/ELDON2_Data/Week19\ELDON2_20250515_060102.wav
2427.0,2430.0,Geothlypis trichas,Common Yellowthroat,0.0884,D:/AcousticMonitoringData/ELDON2_Data/Week19\ELDON2_20250515_060102.wav
2427.0,2430.0,Melospiza melodia,Song Sparrow,0.0128,D:/AcousticMonitoringData/ELDON2_Data/Week19\ELDON2_20250515_060102.wav
2430.0,2433.0,Geothlypis trichas,Common Yellowthroat,0.0182,D:/AcousticMonitoringData/ELDON2_Data/Week19\ELDON2_20250515_060102.wav
2433.0,2436.0,Geothlypis trichas,Common Yellowthroat,0.0707,D:/AcousticMonitoringData/ELDON2_Data/Week19\ELDON2_20250515_060102.wav
2436.0,2439.0,Geothlypis trichas,Common Yellowthroat,0.0560,D:/AcousticMonitoringData/ELDON2_Data/Week19\ELDON2_20250515_060102.wav
2439.0,2442.0,Geothlypis trichas,Common Yellowthroat,0.0316,D:/AcousticMonitoringData/ELDON2_Data/Week19\ELDON2_20250515_060102.wav
2439.0,2442.0,Melospiza melodia,Song Sparrow,0.0117,D:/AcousticMonitoringData/ELDON2_Data/Week19\ELDON2_20250515_060102.wav
2442.0,2445.0,Geothlypis trichas,Common Yellowthroat,0.0365,D:/AcousticMonitoringData/ELDON2_Data/Week19\ELDON2_20250515_060102.wav
2445.0,2448.0,Geothlypis trichas,Common Yellowthroat,0.0547,D:/AcousticMonitoringData/ELDON2_Data/Week19\ELDON2_20250515_060102.wav
2451.0,2454.0,Geothlypis trichas,Common Yellowthroat,0.1420,D:/AcousticMonitoringData/ELDON2_Data/Week19\ELDON2_20250515_060102.wav
2451.0,2454.0,Melospiza melodia,Song Sparrow,0.0115,D:/AcousticMonitoringData/ELDON2_Data/Week19\ELDON2_20250515_060102.wav
2454.0,2457.0,Geothlypis trichas,Common Yellowthroat,0.0475,D:/AcousticMonitoringData/ELDON2_Data/Week19\ELDON2_20250515_060102.wav
2457.0,2460.0,Geothlypis trichas,Common Yellowthroat,0.0395,D:/AcousticMonitoringData/ELDON2_Data/Week19\ELDON2_20250515_060102.wav
2460.0,2463.0,Geothlypis trichas,Common Yellowthroat,0.0440,D:/AcousticMonitoringData/ELDON2_Data/Week19\ELDON2_20250515_060102.wav
2463.0,2466.0,Geothlypis trichas,Common Yellowthroat,0.1106,D:/AcousticMonitoringData/ELDON2_Data/Week19\ELDON2_20250515_060102.wav
2463.0,2466.0,Sturnella magna,Eastern Meadowlark,0.0162,D:/AcousticMonitoringData/ELDON2_Data/Week19\ELDON2_20250515_060102.wav
2466.0,2469.0,Geothlypis trichas,Common Yellowthroat,0.0722,D:/AcousticMonitoringData/ELDON2_Data/Week19\ELDON2_20250515_060102.wav
2469.0,2472.0,Geothlypis trichas,Common Yellowthroat,0.0674,D:/AcousticMonitoringData/ELDON2_Data/Week19\ELDON2_20250515_060102.wav
2469.0,2472.0,Melospiza melodia,Song Sparrow,0.0110,D:/AcousticMonitoringData/ELDON2_Data/Week19\ELDON2_20250515_060102.wav
2472.0,2475.0,Geothlypis trichas,Common Yellowthroat,0.2052,D:/AcousticMonitoringData/ELDON2_Data/Week19\ELDON2_20250515_060102.wav
2472.0,2475.0,Sturnella magna,Eastern Meadowlark,0.0392,D:/AcousticMonitoringData/ELDON2_Data/Week19\ELDON2_20250515_060102.wav
2472.0,2475.0,Melospiza melodia,Song Sparrow,0.0181,D:/AcousticMonitoringData/ELDON2_Data/Week19\ELDON2_20250515_060102.wav
2475.0,2478.0,Geothlypis trichas,Common Yellowthroat,0.0627,D:/AcousticMonitoringData/ELDON2_Data/Week19\ELDON2_20250515_060102.wav
2475.0,2478.0,Melospiza melodia,Song Sparrow,0.0164,D:/AcousticMonitoringData/ELDON2_Data/Week19\ELDON2_20250515_060102.wav
2478.0,2481.0,Geothlypis trichas,Common Yellowthroat,0.0593,D:/AcousticMonitoringData/ELDON2_Data/Week19\ELDON2_20250515_060102.wav
2478.0,2481.0,Melospiza melodia,Song Sparrow,0.0246,D:/AcousticMonitoringData/ELDON2_Data/Week19\ELDON2_20250515_060102.wav
2481.0,2484.0,Geothlypis trichas,Common Yellowthroat,0.0540,D:/AcousticMonitoringData/ELDON2_Data/Week19\ELDON2_20250515_060102.wav
2481.0,2484.0,Melospiza melodia,Song Sparrow,0.0108,D:/AcousticMonitoringData/ELDON2_Data/Week19\ELDON2_20250515_060102.wav
2484.0,2487.0,Geothlypis trichas,Common Yellowthroat,0.0570,D:/AcousticMonitoringData/ELDON2_Data/Week19\ELDON2_20250515_060102.wav
2487.0,2490.0,Geothlypis trichas,Common Yellowthroat,0.0918,D:/AcousticMonitoringData/ELDON2_Data/Week19\ELDON2_20250515_060102.wav
2490.0,2493.0,Geothlypis trichas,Common Yellowthroat,0.0666,D:/AcousticMonitoringData/ELDON2_Data/Week19\ELDON2_20250515_060102.wav
2490.0,2493.0,Melospiza melodia,Song Sparrow,0.0105,D:/AcousticMonitoringData/ELDON2_Data/Week19\ELDON2_20250515_060102.wav
2493.0,2496.0,Geothlypis trichas,Common Yellowthroat,0.0804,D:/AcousticMonitoringData/ELDON2_Data/Week19\ELDON2_20250515_060102.wav
2493.0,2496.0,Melospiza melodia,Song Sparrow,0.0158,D:/AcousticMonitoringData/ELDON2_Data/Week19\ELDON2_20250515_060102.wav
2496.0,2499.0,Geothlypis trichas,Common Yellowthroat,0.1189,D:/AcousticMonitoringData/ELDON2_Data/Week19\ELDON2_20250515_060102.wav
2496.0,2499.0,Melospiza melodia,Song Sparrow,0.0151,D:/AcousticMonitoringData/ELDON2_Data/Week19\ELDON2_20250515_060102.wav
2499.0,2502.0,Geothlypis trichas,Common Yellowthroat,0.1163,D:/AcousticMonitoringData/ELDON2_Data/Week19\ELDON2_20250515_060102.wav
2499.0,2502.0,Melospiza melodia,Song Sparrow,0.0168,D:/AcousticMonitoringData/ELDON2_Data/Week19\ELDON2_20250515_060102.wav
2502.0,2505.0,Geothlypis trichas,Common Yellowthroat,0.0332,D:/AcousticMonitoringData/ELDON2_Data/Week19\ELDON2_20250515_060102.wav
2505.0,2508.0,Geothlypis trichas,Common Yellowthroat,0.0696,D:/AcousticMonitoringData/ELDON2_Data/Week19\ELDON2_20250515_060102.wav
2508.0,2511.0,Geothlypis trichas,Common Yellowthroat,0.0894,D:/AcousticMonitoringData/ELDON2_Data/Week19\ELDON2_20250515_060102.wav
2511.0,2514.0,Geothlypis trichas,Common Yellowthroat,0.0762,D:/AcousticMonitoringData/ELDON2_Data/Week19\ELDON2_20250515_060102.wav
2511.0,2514.0,Melospiza melodia,Song Sparrow,0.0127,D:/AcousticMonitoringData/ELDON2_Data/Week19\ELDON2_20250515_060102.wav
2514.0,2517.0,Geothlypis trichas,Common Yellowthroat,0.0682,D:/AcousticMonitoringData/ELDON2_Data/Week19\ELDON2_20250515_060102.wav
2517.0,2520.0,Geothlypis trichas,Common Yellowthroat,0.1729,D:/AcousticMonitoringData/ELDON2_Data/Week19\ELDON2_20250515_060102.wav
2517.0,2520.0,Melospiza melodia,Song Sparrow,0.0132,D:/AcousticMonitoringData/ELDON2_Data/Week19\ELDON2_20250515_060102.wav
2520.0,2523.0,Geothlypis trichas,Common Yellowthroat,0.0495,D:/AcousticMonitoringData/ELDON2_Data/Week19\ELDON2_20250515_060102.wav
2523.0,2526.0,Geothlypis trichas,Common Yellowthroat,0.0620,D:/AcousticMonitoringData/ELDON2_Data/Week19\ELDON2_20250515_060102.wav
2526.0,2529.0,Geothlypis trichas,Common Yellowthroat,0.0238,D:/AcousticMonitoringData/ELDON2_Data/Week19\ELDON2_20250515_060102.wav
2529.0,2532.0,Geothlypis trichas,Common Yellowthroat,0.0162,D:/AcousticMonitoringData/ELDON2_Data/Week19\ELDON2_20250515_060102.wav
2532.0,2535.0,Geothlypis trichas,Common Yellowthroat,0.0707,D:/AcousticMonitoringData/ELDON2_Data/Week19\ELDON2_20250515_060102.wav
2532.0,2535.0,Melospiza melodia,Song Sparrow,0.0146,D:/AcousticMonitoringData/ELDON2_Data/Week19\ELDON2_20250515_060102.wav
2535.0,2538.0,Geothlypis trichas,Common Yellowthroat,0.0386,D:/AcousticMonitoringData/ELDON2_Data/Week19\ELDON2_20250515_060102.wav
2538.0,2541.0,Geothlypis trichas,Common Yellowthroat,0.0118,D:/AcousticMonitoringData/ELDON2_Data/Week19\ELDON2_20250515_060102.wav
2541.0,2544.0,Geothlypis trichas,Common Yellowthroat,0.0540,D:/AcousticMonitoringData/ELDON2_Data/Week19\ELDON2_20250515_060102.wav
2544.0,2547.0,Geothlypis trichas,Common Yellowthroat,0.0522,D:/AcousticMonitoringData/ELDON2_Data/Week19\ELDON2_20250515_060102.wav
2544.0,2547.0,Melospiza melodia,Song Sparrow,0.0144,D:/AcousticMonitoringData/ELDON2_Data/Week19\ELDON2_20250515_060102.wav
2547.0,2550.0,Geothlypis trichas,Common Yellowthroat,0.0150,D:/AcousticMonitoringData/ELDON2_Data/Week19\ELDON2_20250515_060102.wav
2550.0,2553.0,Geothlypis trichas,Common Yellowthroat,0.0559,D:/AcousticMonitoringData/ELDON2_Data/Week19\ELDON2_20250515_060102.wav
2553.0,2556.0,Geothlypis trichas,Common Yellowthroat,0.0727,D:/AcousticMonitoringData/ELDON2_Data/Week19\ELDON2_20250515_060102.wav
2556.0,2559.0,Geothlypis trichas,Common Yellowthroat,0.0217,D:/AcousticMonitoringData/ELDON2_Data/Week19\ELDON2_20250515_060102.wav
2559.0,2562.0,Geothlypis trichas,Common Yellowthroat,0.0264,D:/AcousticMonitoringData/ELDON2_Data/Week19\ELDON2_20250515_060102.wav
2562.0,2565.0,Geothlypis trichas,Common Yellowthroat,0.0232,D:/AcousticMonitoringData/ELDON2_Data/Week19\ELDON2_20250515_060102.wav
2565.0,2568.0,Geothlypis trichas,Common Yellowthroat,0.0783,D:/AcousticMonitoringData/ELDON2_Data/Week19\ELDON2_20250515_060102.wav
2568.0,2571.0,Sturnella magna,Eastern Meadowlark,0.3119,D:/AcousticMonitoringData/ELDON2_Data/Week19\ELDON2_20250515_060102.wav
2568.0,2571.0,Geothlypis trichas,Common Yellowthroat,0.0116,D:/AcousticMonitoringData/ELDON2_Data/Week19\ELDON2_20250515_060102.wav
2571.0,2574.0,Geothlypis trichas,Common Yellowthroat,0.0644,D:/AcousticMonitoringData/ELDON2_Data/Week19\ELDON2_20250515_060102.wav
2571.0,2574.0,Melospiza melodia,Song Sparrow,0.0166,D:/AcousticMonitoringData/ELDON2_Data/Week19\ELDON2_20250515_060102.wav
2571.0,2574.0,Sturnella magna,Eastern Meadowlark,0.0109,D:/AcousticMonitoringData/ELDON2_Data/Week19\ELDON2_20250515_060102.wav
2574.0,2577.0,Geothlypis trichas,Common Yellowthroat,0.0130,D:/AcousticMonitoringData/ELDON2_Data/Week19\ELDON2_20250515_060102.wav
2580.0,2583.0,Geothlypis trichas,Common Yellowthroat,0.0541,D:/AcousticMonitoringData/ELDON2_Data/Week19\ELDON2_20250515_060102.wav
2583.0,2586.0,Sturnella magna,Eastern Meadowlark,0.3821,D:/AcousticMonitoringData/ELDON2_Data/Week19\ELDON2_20250515_060102.wav
2583.0,2586.0,Geothlypis trichas,Common Yellowthroat,0.0335,D:/AcousticMonitoringData/ELDON2_Data/Week19\ELDON2_20250515_060102.wav
2586.0,2589.0,Geothlypis trichas,Common Yellowthroat,0.0355,D:/AcousticMonitoringData/ELDON2_Data/Week19\ELDON2_20250515_060102.wav
2589.0,2592.0,Geothlypis trichas,Common Yellowthroat,0.0194,D:/AcousticMonitoringData/ELDON2_Data/Week19\ELDON2_20250515_060102.wav
2592.0,2595.0,Sturnella magna,Eastern Meadowlark,0.2421,D:/AcousticMonitoringData/ELDON2_Data/Week19\ELDON2_20250515_060102.wav
2595.0,2598.0,Geothlypis trichas,Common Yellowthroat,0.0501,D:/AcousticMonitoringData/ELDON2_Data/Week19\ELDON2_20250515_060102.wav
2595.0,2598.0,Sturnella magna,Eastern Meadowlark,0.0139,D:/AcousticMonitoringData/ELDON2_Data/Week19\ELDON2_20250515_060102.wav
2595.0,2598.0,Melospiza melodia,Song Sparrow,0.0132,D:/AcousticMonitoringData/ELDON2_Data/Week19\ELDON2_20250515_060102.wav
2598.0,2601.0,Geothlypis trichas,Common Yellowthroat,0.0547,D:/AcousticMonitoringData/ELDON2_Data/Week19\ELDON2_20250515_060102.wav
2598.0,2601.0,Sturnella magna,Eastern Meadowlark,0.0221,D:/AcousticMonitoringData/ELDON2_Data/Week19\ELDON2_20250515_060102.wav
2604.0,2607.0,Sturnella magna,Eastern Meadowlark,0.1341,D:/AcousticMonitoringData/ELDON2_Data/Week19\ELDON2_20250515_060102.wav
2604.0,2607.0,Eremophila alpestris,Horned Lark,0.0300,D:/AcousticMonitoringData/ELDON2_Data/Week19\ELDON2_20250515_060102.wav
2604.0,2607.0,Bartramia longicauda,Upland Sandpiper,0.0139,D:/AcousticMonitoringData/ELDON2_Data/Week19\ELDON2_20250515_060102.wav
2613.0,2616.0,Geothlypis trichas,Common Yellowthroat,0.0415,D:/AcousticMonitoringData/ELDON2_Data/Week19\ELDON2_20250515_060102.wav
2616.0,2619.0,Geothlypis trichas,Common Yellowthroat,0.0174,D:/AcousticMonitoringData/ELDON2_Data/Week19\ELDON2_20250515_060102.wav
2619.0,2622.0,Sturnella magna,Eastern Meadowlark,0.4906,D:/AcousticMonitoringData/ELDON2_Data/Week19\ELDON2_20250515_060102.wav
2619.0,2622.0,Geothlypis trichas,Common Yellowthroat,0.0198,D:/AcousticMonitoringData/ELDON2_Data/Week19\ELDON2_20250515_060102.wav
2622.0,2625.0,Geothlypis trichas,Common Yellowthroat,0.0151,D:/AcousticMonitoringData/ELDON2_Data/Week19\ELDON2_20250515_060102.wav
2625.0,2628.0,Geothlypis trichas,Common Yellowthroat,0.0880,D:/AcousticMonitoringData/ELDON2_Data/Week19\ELDON2_20250515_060102.wav
2625.0,2628.0,Melospiza melodia,Song Sparrow,0.0117,D:/AcousticMonitoringData/ELDON2_Data/Week19\ELDON2_20250515_060102.wav
2628.0,2631.0,Geothlypis trichas,Common Yellowthroat,0.0636,D:/AcousticMonitoringData/ELDON2_Data/Week19\ELDON2_20250515_060102.wav
2631.0,2634.0,Geothlypis trichas,Common Yellowthroat,0.0133,D:/AcousticMonitoringData/ELDON2_Data/Week19\ELDON2_20250515_060102.wav
2634.0,2637.0,Geothlypis trichas,Common Yellowthroat,0.0229,D:/AcousticMonitoringData/ELDON2_Data/Week19\ELDON2_20250515_060102.wav
2637.0,2640.0,Sturnella magna,Eastern Meadowlark,0.2308,D:/AcousticMonitoringData/ELDON2_Data/Week19\ELDON2_20250515_060102.wav
2640.0,2643.0,Geothlypis trichas,Common Yellowthroat,0.0338,D:/AcousticMonitoringData/ELDON2_Data/Week19\ELDON2_20250515_060102.wav
2640.0,2643.0,Sturnella magna,Eastern Meadowlark,0.0263,D:/AcousticMonitoringData/ELDON2_Data/Week19\ELDON2_20250515_060102.wav
2643.0,2646.0,Geothlypis trichas,Common Yellowthroat,0.0185,D:/AcousticMonitoringData/ELDON2_Data/Week19\ELDON2_20250515_060102.wav
2649.0,2652.0,Sturnella magna,Eastern Meadowlark,0.3694,D:/AcousticMonitoringData/ELDON2_Data/Week19\ELDON2_20250515_060102.wav
2649.0,2652.0,Bartramia longicauda,Upland Sandpiper,0.0112,D:/AcousticMonitoringData/ELDON2_Data/Week19\ELDON2_20250515_060102.wav
2652.0,2655.0,Geothlypis trichas,Common Yellowthroat,0.0382,D:/AcousticMonitoringData/ELDON2_Data/Week19\ELDON2_20250515_060102.wav
2652.0,2655.0,Sturnella magna,Eastern Meadowlark,0.0165,D:/AcousticMonitoringData/ELDON2_Data/Week19\ELDON2_20250515_060102.wav
2652.0,2655.0,Melospiza melodia,Song Sparrow,0.0152,D:/AcousticMonitoringData/ELDON2_Data/Week19\ELDON2_20250515_060102.wav
2658.0,2661.0,Geothlypis trichas,Common Yellowthroat,0.0348,D:/AcousticMonitoringData/ELDON2_Data/Week19\ELDON2_20250515_060102.wav
2661.0,2664.0,Sturnella magna,Eastern Meadowlark,0.3647,D:/AcousticMonitoringData/ELDON2_Data/Week19\ELDON2_20250515_060102.wav
2661.0,2664.0,Geothlypis trichas,Common Yellowthroat,0.0266,D:/AcousticMonitoringData/ELDON2_Data/Week19\ELDON2_20250515_060102.wav
2661.0,2664.0,Melospiza melodia,Song Sparrow,0.0104,D:/AcousticMonitoringData/ELDON2_Data/Week19\ELDON2_20250515_060102.wav
2670.0,2673.0,Geothlypis trichas,Common Yellowthroat,0.0104,D:/AcousticMonitoringData/ELDON2_Data/Week19\ELDON2_20250515_060102.wav
2676.0,2679.0,Sturnella magna,Eastern Meadowlark,0.4677,D:/AcousticMonitoringData/ELDON2_Data/Week19\ELDON2_20250515_060102.wav
2679.0,2682.0,Geothlypis trichas,Common Yellowthroat,0.0212,D:/AcousticMonitoringData/ELDON2_Data/Week19\ELDON2_20250515_060102.wav
2682.0,2685.0,Geothlypis trichas,Common Yellowthroat,0.0118,D:/AcousticMonitoringData/ELDON2_Data/Week19\ELDON2_20250515_060102.wav
2694.0,2697.0,Geothlypis trichas,Common Yellowthroat,0.0110,D:/AcousticMonitoringData/ELDON2_Data/Week19\ELDON2_20250515_060102.wav
2700.0,2703.0,Geothlypis trichas,Common Yellowthroat,0.1059,D:/AcousticMonitoringData/ELDON2_Data/Week19\ELDON2_20250515_060102.wav
2700.0,2703.0,Melospiza melodia,Song Sparrow,0.0132,D:/AcousticMonitoringData/ELDON2_Data/Week19\ELDON2_20250515_060102.wav
2703.0,2706.0,Geothlypis trichas,Common Yellowthroat,0.1141,D:/AcousticMonitoringData/ELDON2_Data/Week19\ELDON2_20250515_060102.wav
2703.0,2706.0,Melospiza melodia,Song Sparrow,0.0186,D:/AcousticMonitoringData/ELDON2_Data/Week19\ELDON2_20250515_060102.wav
2709.0,2712.0,Geothlypis trichas,Common Yellowthroat,0.0229,D:/AcousticMonitoringData/ELDON2_Data/Week19\ELDON2_20250515_060102.wav
2709.0,2712.0,Melospiza melodia,Song Sparrow,0.0110,D:/AcousticMonitoringData/ELDON2_Data/Week19\ELDON2_20250515_060102.wav
2712.0,2715.0,Geothlypis trichas,Common Yellowthroat,0.0197,D:/AcousticMonitoringData/ELDON2_Data/Week19\ELDON2_20250515_060102.wav
2715.0,2718.0,Geothlypis trichas,Common Yellowthroat,0.0170,D:/AcousticMonitoringData/ELDON2_Data/Week19\ELDON2_20250515_060102.wav
2721.0,2724.0,Geothlypis trichas,Common Yellowthroat,0.0216,D:/AcousticMonitoringData/ELDON2_Data/Week19\ELDON2_20250515_060102.wav
2721.0,2724.0,Melospiza melodia,Song Sparrow,0.0102,D:/AcousticMonitoringData/ELDON2_Data/Week19\ELDON2_20250515_060102.wav
2724.0,2727.0,Geothlypis trichas,Common Yellowthroat,0.0291,D:/AcousticMonitoringData/ELDON2_Data/Week19\ELDON2_20250515_060102.wav
2727.0,2730.0,Geothlypis trichas,Common Yellowthroat,0.0600,D:/AcousticMonitoringData/ELDON2_Data/Week19\ELDON2_20250515_060102.wav
2730.0,2733.0,Geothlypis trichas,Common Yellowthroat,0.0139,D:/AcousticMonitoringData/ELDON2_Data/Week19\ELDON2_20250515_060102.wav
2733.0,2736.0,Geothlypis trichas,Common Yellowthroat,0.0410,D:/AcousticMonitoringData/ELDON2_Data/Week19\ELDON2_20250515_060102.wav
2736.0,2739.0,Geothlypis trichas,Common Yellowthroat,0.0253,D:/AcousticMonitoringData/ELDON2_Data/Week19\ELDON2_20250515_060102.wav
2736.0,2739.0,Melospiza melodia,Song Sparrow,0.0101,D:/AcousticMonitoringData/ELDON2_Data/Week19\ELDON2_20250515_060102.wav
2739.0,2742.0,Geothlypis trichas,Common Yellowthroat,0.0193,D:/AcousticMonitoringData/ELDON2_Data/Week19\ELDON2_20250515_060102.wav
2742.0,2745.0,Geothlypis trichas,Common Yellowthroat,0.0225,D:/AcousticMonitoringData/ELDON2_Data/Week19\ELDON2_20250515_060102.wav
2745.0,2748.0,Geothlypis trichas,Common Yellowthroat,0.0283,D:/AcousticMonitoringData/ELDON2_Data/Week19\ELDON2_20250515_060102.wav
2748.0,2751.0,Geothlypis trichas,Common Yellowthroat,0.0705,D:/AcousticMonitoringData/ELDON2_Data/Week19\ELDON2_20250515_060102.wav
2748.0,2751.0,Melospiza melodia,Song Sparrow,0.0113,D:/AcousticMonitoringData/ELDON2_Data/Week19\ELDON2_20250515_060102.wav
2751.0,2754.0,Geothlypis trichas,Common Yellowthroat,0.1897,D:/AcousticMonitoringData/ELDON2_Data/Week19\ELDON2_20250515_060102.wav
2754.0,2757.0,Geothlypis trichas,Common Yellowthroat,0.0781,D:/AcousticMonitoringData/ELDON2_Data/Week19\ELDON2_20250515_060102.wav
2754.0,2757.0,Melospiza melodia,Song Sparrow,0.0180,D:/AcousticMonitoringData/ELDON2_Data/Week19\ELDON2_20250515_060102.wav
2754.0,2757.0,Sturnella magna,Eastern Meadowlark,0.0178,D:/AcousticMonitoringData/ELDON2_Data/Week19\ELDON2_20250515_060102.wav
2757.0,2760.0,Geothlypis trichas,Common Yellowthroat,0.1547,D:/AcousticMonitoringData/ELDON2_Data/Week19\ELDON2_20250515_060102.wav
2760.0,2763.0,Geothlypis trichas,Common Yellowthroat,0.0582,D:/AcousticMonitoringData/ELDON2_Data/Week19\ELDON2_20250515_060102.wav
2763.0,2766.0,Geothlypis trichas,Common Yellowthroat,0.1101,D:/AcousticMonitoringData/ELDON2_Data/Week19\ELDON2_20250515_060102.wav
2763.0,2766.0,Melospiza melodia,Song Sparrow,0.0118,D:/AcousticMonitoringData/ELDON2_Data/Week19\ELDON2_20250515_060102.wav
2766.0,2769.0,Geothlypis trichas,Common Yellowthroat,0.0481,D:/AcousticMonitoringData/ELDON2_Data/Week19\ELDON2_20250515_060102.wav
2766.0,2769.0,Melospiza melodia,Song Sparrow,0.0168,D:/AcousticMonitoringData/ELDON2_Data/Week19\ELDON2_20250515_060102.wav
2769.0,2772.0,Geothlypis trichas,Common Yellowthroat,0.0211,D:/AcousticMonitoringData/ELDON2_Data/Week19\ELDON2_20250515_060102.wav
2772.0,2775.0,Geothlypis trichas,Common Yellowthroat,0.1034,D:/AcousticMonitoringData/ELDON2_Data/Week19\ELDON2_20250515_060102.wav
2772.0,2775.0,Melospiza melodia,Song Sparrow,0.0177,D:/AcousticMonitoringData/ELDON2_Data/Week19\ELDON2_20250515_060102.wav
2775.0,2778.0,Geothlypis trichas,Common Yellowthroat,0.1152,D:/AcousticMonitoringData/ELDON2_Data/Week19\ELDON2_20250515_060102.wav
2775.0,2778.0,Melospiza melodia,Song Sparrow,0.0112,D:/AcousticMonitoringData/ELDON2_Data/Week19\ELDON2_20250515_060102.wav
2778.0,2781.0,Geothlypis trichas,Common Yellowthroat,0.1289,D:/AcousticMonitoringData/ELDON2_Data/Week19\ELDON2_20250515_060102.wav
2781.0,2784.0,Geothlypis trichas,Common Yellowthroat,0.0663,D:/AcousticMonitoringData/ELDON2_Data/Week19\ELDON2_20250515_060102.wav
2784.0,2787.0,Sturnella magna,Eastern Meadowlark,0.0476,D:/AcousticMonitoringData/ELDON2_Data/Week19\ELDON2_20250515_060102.wav
2784.0,2787.0,Geothlypis trichas,Common Yellowthroat,0.0246,D:/AcousticMonitoringData/ELDON2_Data/Week19\ELDON2_20250515_060102.wav
2787.0,2790.0,Geothlypis trichas,Common Yellowthroat,0.0391,D:/AcousticMonitoringData/ELDON2_Data/Week19\ELDON2_20250515_060102.wav
2790.0,2793.0,Geothlypis trichas,Common Yellowthroat,0.0172,D:/AcousticMonitoringData/ELDON2_Data/Week19\ELDON2_20250515_060102.wav
2796.0,2799.0,Geothlypis trichas,Common Yellowthroat,0.1746,D:/AcousticMonitoringData/ELDON2_Data/Week19\ELDON2_20250515_060102.wav
2799.0,2802.0,Geothlypis trichas,Common Yellowthroat,0.0159,D:/AcousticMonitoringData/ELDON2_Data/Week19\ELDON2_20250515_060102.wav
2802.0,2805.0,Geothlypis trichas,Common Yellowthroat,0.1754,D:/AcousticMonitoringData/ELDON2_Data/Week19\ELDON2_20250515_060102.wav
2805.0,2808.0,Geothlypis trichas,Common Yellowthroat,0.0539,D:/AcousticMonitoringData/ELDON2_Data/Week19\ELDON2_20250515_060102.wav
2808.0,2811.0,Geothlypis trichas,Common Yellowthroat,0.0586,D:/AcousticMonitoringData/ELDON2_Data/Week19\ELDON2_20250515_060102.wav
2811.0,2814.0,Geothlypis trichas,Common Yellowthroat,0.1771,D:/AcousticMonitoringData/ELDON2_Data/Week19\ELDON2_20250515_060102.wav
2811.0,2814.0,Melospiza melodia,Song Sparrow,0.0120,D:/AcousticMonitoringData/ELDON2_Data/Week19\ELDON2_20250515_060102.wav
2814.0,2817.0,Geothlypis trichas,Common Yellowthroat,0.0305,D:/AcousticMonitoringData/ELDON2_Data/Week19\ELDON2_20250515_060102.wav
2814.0,2817.0,Sturnella magna,Eastern Meadowlark,0.0170,D:/AcousticMonitoringData/ELDON2_Data/Week19\ELDON2_20250515_060102.wav
2817.0,2820.0,Geothlypis trichas,Common Yellowthroat,0.0733,D:/AcousticMonitoringData/ELDON2_Data/Week19\ELDON2_20250515_060102.wav
2820.0,2823.0,Geothlypis trichas,Common Yellowthroat,0.0991,D:/AcousticMonitoringData/ELDON2_Data/Week19\ELDON2_20250515_060102.wav
2823.0,2826.0,Geothlypis trichas,Common Yellowthroat,0.0699,D:/AcousticMonitoringData/ELDON2_Data/Week19\ELDON2_20250515_060102.wav
2826.0,2829.0,Geothlypis trichas,Common Yellowthroat,0.0149,D:/AcousticMonitoringData/ELDON2_Data/Week19\ELDON2_20250515_060102.wav
2829.0,2832.0,Geothlypis trichas,Common Yellowthroat,0.0111,D:/AcousticMonitoringData/ELDON2_Data/Week19\ELDON2_20250515_060102.wav
2832.0,2835.0,Geothlypis trichas,Common Yellowthroat,0.0905,D:/AcousticMonitoringData/ELDON2_Data/Week19\ELDON2_20250515_060102.wav
2835.0,2838.0,Geothlypis trichas,Common Yellowthroat,0.1183,D:/AcousticMonitoringData/ELDON2_Data/Week19\ELDON2_20250515_060102.wav
2835.0,2838.0,Sturnella magna,Eastern Meadowlark,0.0178,D:/AcousticMonitoringData/ELDON2_Data/Week19\ELDON2_20250515_060102.wav
2838.0,2841.0,Geothlypis trichas,Common Yellowthroat,0.0957,D:/AcousticMonitoringData/ELDON2_Data/Week19\ELDON2_20250515_060102.wav
2841.0,2844.0,Geothlypis trichas,Common Yellowthroat,0.1146,D:/AcousticMonitoringData/ELDON2_Data/Week19\ELDON2_20250515_060102.wav
2841.0,2844.0,Sturnella magna,Eastern Meadowlark,0.0937,D:/AcousticMonitoringData/ELDON2_Data/Week19\ELDON2_20250515_060102.wav
2847.0,2850.0,Geothlypis trichas,Common Yellowthroat,0.0270,D:/AcousticMonitoringData/ELDON2_Data/Week19\ELDON2_20250515_060102.wav
2850.0,2853.0,Sturnella magna,Eastern Meadowlark,0.4385,D:/AcousticMonitoringData/ELDON2_Data/Week19\ELDON2_20250515_060102.wav
2850.0,2853.0,Geothlypis trichas,Common Yellowthroat,0.0804,D:/AcousticMonitoringData/ELDON2_Data/Week19\ELDON2_20250515_060102.wav
2850.0,2853.0,Bartramia longicauda,Upland Sandpiper,0.0179,D:/AcousticMonitoringData/ELDON2_Data/Week19\ELDON2_20250515_060102.wav
2853.0,2856.0,Geothlypis trichas,Common Yellowthroat,0.0679,D:/AcousticMonitoringData/ELDON2_Data/Week19\ELDON2_20250515_060102.wav
2853.0,2856.0,Melospiza melodia,Song Sparrow,0.0198,D:/AcousticMonitoringData/ELDON2_Data/Week19\ELDON2_20250515_060102.wav
2859.0,2862.0,Geothlypis trichas,Common Yellowthroat,0.0939,D:/AcousticMonitoringData/ELDON2_Data/Week19\ELDON2_20250515_060102.wav
2862.0,2865.0,Geothlypis trichas,Common Yellowthroat,0.0718,D:/AcousticMonitoringData/ELDON2_Data/Week19\ELDON2_20250515_060102.wav
2862.0,2865.0,Sturnella magna,Eastern Meadowlark,0.0304,D:/AcousticMonitoringData/ELDON2_Data/Week19\ELDON2_20250515_060102.wav
2862.0,2865.0,Melospiza melodia,Song Sparrow,0.0118,D:/AcousticMonitoringData/ELDON2_Data/Week19\ELDON2_20250515_060102.wav
2865.0,2868.0,Geothlypis trichas,Common Yellowthroat,0.1526,D:/AcousticMonitoringData/ELDON2_Data/Week19\ELDON2_20250515_060102.wav
2865.0,2868.0,Melospiza melodia,Song Sparrow,0.0117,D:/AcousticMonitoringData/ELDON2_Data/Week19\ELDON2_20250515_060102.wav
2868.0,2871.0,Geothlypis trichas,Common Yellowthroat,0.1119,D:/AcousticMonitoringData/ELDON2_Data/Week19\ELDON2_20250515_060102.wav
2871.0,2874.0,Geothlypis trichas,Common Yellowthroat,0.0747,D:/AcousticMonitoringData/ELDON2_Data/Week19\ELDON2_20250515_060102.wav
2871.0,2874.0,Melospiza melodia,Song Sparrow,0.0185,D:/AcousticMonitoringData/ELDON2_Data/Week19\ELDON2_20250515_060102.wav
2874.0,2877.0,Geothlypis trichas,Common Yellowthroat,0.0944,D:/AcousticMonitoringData/ELDON2_Data/Week19\ELDON2_20250515_060102.wav
2874.0,2877.0,Melospiza melodia,Song Sparrow,0.0177,D:/AcousticMonitoringData/ELDON2_Data/Week19\ELDON2_20250515_060102.wav
2874.0,2877.0,Sturnella magna,Eastern Meadowlark,0.0113,D:/AcousticMonitoringData/ELDON2_Data/Week19\ELDON2_20250515_060102.wav
2877.0,2880.0,Geothlypis trichas,Common Yellowthroat,0.1779,D:/AcousticMonitoringData/ELDON2_Data/Week19\ELDON2_20250515_060102.wav
2880.0,2883.0,Geothlypis trichas,Common Yellowthroat,0.1552,D:/AcousticMonitoringData/ELDON2_Data/Week19\ELDON2_20250515_060102.wav
2880.0,2883.0,Spizella pusilla,Field Sparrow,0.0214,D:/AcousticMonitoringData/ELDON2_Data/Week19\ELDON2_20250515_060102.wav
2880.0,2883.0,Melospiza melodia,Song Sparrow,0.0197,D:/AcousticMonitoringData/ELDON2_Data/Week19\ELDON2_20250515_060102.wav
2880.0,2883.0,Sturnella magna,Eastern Meadowlark,0.0134,D:/AcousticMonitoringData/ELDON2_Data/Week19\ELDON2_20250515_060102.wav
2883.0,2886.0,Geothlypis trichas,Common Yellowthroat,0.1106,D:/AcousticMonitoringData/ELDON2_Data/Week19\ELDON2_20250515_060102.wav
2886.0,2889.0,Geothlypis trichas,Common Yellowthroat,0.0247,D:/AcousticMonitoringData/ELDON2_Data/Week19\ELDON2_20250515_060102.wav
2889.0,2892.0,Geothlypis trichas,Common Yellowthroat,0.0952,D:/AcousticMonitoringData/ELDON2_Data/Week19\ELDON2_20250515_060102.wav
2889.0,2892.0,Melospiza melodia,Song Sparrow,0.0233,D:/AcousticMonitoringData/ELDON2_Data/Week19\ELDON2_20250515_060102.wav
2889.0,2892.0,Sturnella magna,Eastern Meadowlark,0.0122,D:/AcousticMonitoringData/ELDON2_Data/Week19\ELDON2_20250515_060102.wav
2892.0,2895.0,Geothlypis trichas,Common Yellowthroat,0.1431,D:/AcousticMonitoringData/ELDON2_Data/Week19\ELDON2_20250515_060102.wav
2892.0,2895.0,Sturnella magna,Eastern Meadowlark,0.0322,D:/AcousticMonitoringData/ELDON2_Data/Week19\ELDON2_20250515_060102.wav
2892.0,2895.0,Bartramia longicauda,Upland Sandpiper,0.0121,D:/AcousticMonitoringData/ELDON2_Data/Week19\ELDON2_20250515_060102.wav
2895.0,2898.0,Geothlypis trichas,Common Yellowthroat,0.0840,D:/AcousticMonitoringData/ELDON2_Data/Week19\ELDON2_20250515_060102.wav
2898.0,2901.0,Geothlypis trichas,Common Yellowthroat,0.2821,D:/AcousticMonitoringData/ELDON2_Data/Week19\ELDON2_20250515_060102.wav
2898.0,2901.0,Melospiza melodia,Song Sparrow,0.0163,D:/AcousticMonitoringData/ELDON2_Data/Week19\ELDON2_20250515_060102.wav
2901.0,2904.0,Geothlypis trichas,Common Yellowthroat,0.0248,D:/AcousticMonitoringData/ELDON2_Data/Week19\ELDON2_20250515_060102.wav
2904.0,2907.0,Geothlypis trichas,Common Yellowthroat,0.2807,D:/AcousticMonitoringData/ELDON2_Data/Week19\ELDON2_20250515_060102.wav
2904.0,2907.0,Sturnella magna,Eastern Meadowlark,0.0799,D:/AcousticMonitoringData/ELDON2_Data/Week19\ELDON2_20250515_060102.wav
2904.0,2907.0,Melospiza melodia,Song Sparrow,0.0162,D:/AcousticMonitoringData/ELDON2_Data/Week19\ELDON2_20250515_060102.wav
2907.0,2910.0,Geothlypis trichas,Common Yellowthroat,0.1622,D:/AcousticMonitoringData/ELDON2_Data/Week19\ELDON2_20250515_060102.wav
2910.0,2913.0,Geothlypis trichas,Common Yellowthroat,0.0432,D:/AcousticMonitoringData/ELDON2_Data/Week19\ELDON2_20250515_060102.wav
2913.0,2916.0,Geothlypis trichas,Common Yellowthroat,0.1486,D:/AcousticMonitoringData/ELDON2_Data/Week19\ELDON2_20250515_060102.wav
2916.0,2919.0,Geothlypis trichas,Common Yellowthroat,0.1119,D:/AcousticMonitoringData/ELDON2_Data/Week19\ELDON2_20250515_060102.wav
2919.0,2922.0,Geothlypis trichas,Common Yellowthroat,0.0240,D:/AcousticMonitoringData/ELDON2_Data/Week19\ELDON2_20250515_060102.wav
2922.0,2925.0,Geothlypis trichas,Common Yellowthroat,0.0601,D:/AcousticMonitoringData/ELDON2_Data/Week19\ELDON2_20250515_060102.wav
2925.0,2928.0,Geothlypis trichas,Common Yellowthroat,0.0349,D:/AcousticMonitoringData/ELDON2_Data/Week19\ELDON2_20250515_060102.wav
2928.0,2931.0,Geothlypis trichas,Common Yellowthroat,0.2527,D:/AcousticMonitoringData/ELDON2_Data/Week19\ELDON2_20250515_060102.wav
2928.0,2931.0,Melospiza melodia,Song Sparrow,0.0233,D:/AcousticMonitoringData/ELDON2_Data/Week19\ELDON2_20250515_060102.wav
2928.0,2931.0,Sturnella magna,Eastern Meadowlark,0.0187,D:/AcousticMonitoringData/ELDON2_Data/Week19\ELDON2_20250515_060102.wav
2931.0,2934.0,Geothlypis trichas,Common Yellowthroat,0.0617,D:/AcousticMonitoringData/ELDON2_Data/Week19\ELDON2_20250515_060102.wav
2934.0,2937.0,Geothlypis trichas,Common Yellowthroat,0.0397,D:/AcousticMonitoringData/ELDON2_Data/Week19\ELDON2_20250515_060102.wav
2934.0,2937.0,Melospiza melodia,Song Sparrow,0.0137,D:/AcousticMonitoringData/ELDON2_Data/Week19\ELDON2_20250515_060102.wav
2940.0,2943.0,Sturnella magna,Eastern Meadowlark,0.0308,D:/AcousticMonitoringData/ELDON2_Data/Week19\ELDON2_20250515_060102.wav
2940.0,2943.0,Geothlypis trichas,Common Yellowthroat,0.0296,D:/AcousticMonitoringData/ELDON2_Data/Week19\ELDON2_20250515_060102.wav
2943.0,2946.0,Geothlypis trichas,Common Yellowthroat,0.1438,D:/AcousticMonitoringData/ELDON2_Data/Week19\ELDON2_20250515_060102.wav
2946.0,2949.0,Geothlypis trichas,Common Yellowthroat,0.1063,D:/AcousticMonitoringData/ELDON2_Data/Week19\ELDON2_20250515_060102.wav
2949.0,2952.0,Geothlypis trichas,Common Yellowthroat,0.0836,D:/AcousticMonitoringData/ELDON2_Data/Week19\ELDON2_20250515_060102.wav
2949.0,2952.0,Melospiza melodia,Song Sparrow,0.0151,D:/AcousticMonitoringData/ELDON2_Data/Week19\ELDON2_20250515_060102.wav
2952.0,2955.0,Geothlypis trichas,Common Yellowthroat,0.0544,D:/AcousticMonitoringData/ELDON2_Data/Week19\ELDON2_20250515_060102.wav
2955.0,2958.0,Geothlypis trichas,Common Yellowthroat,0.0272,D:/AcousticMonitoringData/ELDON2_Data/Week19\ELDON2_20250515_060102.wav
2955.0,2958.0,Melospiza melodia,Song Sparrow,0.0156,D:/AcousticMonitoringData/ELDON2_Data/Week19\ELDON2_20250515_060102.wav
2958.0,2961.0,Geothlypis trichas,Common Yellowthroat,0.1617,D:/AcousticMonitoringData/ELDON2_Data/Week19\ELDON2_20250515_060102.wav
2961.0,2964.0,Geothlypis trichas,Common Yellowthroat,0.0864,D:/AcousticMonitoringData/ELDON2_Data/Week19\ELDON2_20250515_060102.wav
2964.0,2967.0,Geothlypis trichas,Common Yellowthroat,0.1524,D:/AcousticMonitoringData/ELDON2_Data/Week19\ELDON2_20250515_060102.wav
2964.0,2967.0,Sturnella magna,Eastern Meadowlark,0.0190,D:/AcousticMonitoringData/ELDON2_Data/Week19\ELDON2_20250515_060102.wav
2964.0,2967.0,Melospiza melodia,Song Sparrow,0.0156,D:/AcousticMonitoringData/ELDON2_Data/Week19\ELDON2_20250515_060102.wav
2967.0,2970.0,Geothlypis trichas,Common Yellowthroat,0.0455,D:/AcousticMonitoringData/ELDON2_Data/Week19\ELDON2_20250515_060102.wav
2970.0,2973.0,Sturnella magna,Eastern Meadowlark,0.0400,D:/AcousticMonitoringData/ELDON2_Data/Week19\ELDON2_20250515_060102.wav
2970.0,2973.0,Geothlypis trichas,Common Yellowthroat,0.0321,D:/AcousticMonitoringData/ELDON2_Data/Week19\ELDON2_20250515_060102.wav
2973.0,2976.0,Geothlypis trichas,Common Yellowthroat,0.0434,D:/AcousticMonitoringData/ELDON2_Data/Week19\ELDON2_20250515_060102.wav
2976.0,2979.0,Geothlypis trichas,Common Yellowthroat,0.0948,D:/AcousticMonitoringData/ELDON2_Data/Week19\ELDON2_20250515_060102.wav
2976.0,2979.0,Sturnella magna,Eastern Meadowlark,0.0135,D:/AcousticMonitoringData/ELDON2_Data/Week19\ELDON2_20250515_060102.wav
2979.0,2982.0,Geothlypis trichas,Common Yellowthroat,0.0576,D:/AcousticMonitoringData/ELDON2_Data/Week19\ELDON2_20250515_060102.wav
2982.0,2985.0,Sturnella magna,Eastern Meadowlark,0.2519,D:/AcousticMonitoringData/ELDON2_Data/Week19\ELDON2_20250515_060102.wav
2982.0,2985.0,Geothlypis trichas,Common Yellowthroat,0.0900,D:/AcousticMonitoringData/ELDON2_Data/Week19\ELDON2_20250515_060102.wav
2985.0,2988.0,Geothlypis trichas,Common Yellowthroat,0.0198,D:/AcousticMonitoringData/ELDON2_Data/Week19\ELDON2_20250515_060102.wav
2988.0,2991.0,Geothlypis trichas,Common Yellowthroat,0.0276,D:/AcousticMonitoringData/ELDON2_Data/Week19\ELDON2_20250515_060102.wav
2988.0,2991.0,Melospiza melodia,Song Sparrow,0.0102,D:/AcousticMonitoringData/ELDON2_Data/Week19\ELDON2_20250515_060102.wav
2991.0,2994.0,Geothlypis trichas,Common Yellowthroat,0.0879,D:/AcousticMonitoringData/ELDON2_Data/Week19\ELDON2_20250515_060102.wav
2991.0,2994.0,Melospiza melodia,Song Sparrow,0.0207,D:/AcousticMonitoringData/ELDON2_Data/Week19\ELDON2_20250515_060102.wav
2994.0,2997.0,Geothlypis trichas,Common Yellowthroat,0.0224,D:/AcousticMonitoringData/ELDON2_Data/Week19\ELDON2_20250515_060102.wav
2997.0,3000.0,Sturnella magna,Eastern Meadowlark,0.1945,D:/AcousticMonitoringData/ELDON2_Data/Week19\ELDON2_20250515_060102.wav
2997.0,3000.0,Geothlypis trichas,Common Yellowthroat,0.0102,D:/AcousticMonitoringData/ELDON2_Data/Week19\ELDON2_20250515_060102.wav
3000.0,3003.0,Geothlypis trichas,Common Yellowthroat,0.1497,D:/AcousticMonitoringData/ELDON2_Data/Week19\ELDON2_20250515_060102.wav
3003.0,3006.0,Geothlypis trichas,Common Yellowthroat,0.0805,D:/AcousticMonitoringData/ELDON2_Data/Week19\ELDON2_20250515_060102.wav
3006.0,3009.0,Geothlypis trichas,Common Yellowthroat,0.0796,D:/AcousticMonitoringData/ELDON2_Data/Week19\ELDON2_20250515_060102.wav
3009.0,3012.0,Geothlypis trichas,Common Yellowthroat,0.0799,D:/AcousticMonitoringData/ELDON2_Data/Week19\ELDON2_20250515_060102.wav
3012.0,3015.0,Geothlypis trichas,Common Yellowthroat,0.1830,D:/AcousticMonitoringData/ELDON2_Data/Week19\ELDON2_20250515_060102.wav
3012.0,3015.0,Sturnella magna,Eastern Meadowlark,0.0148,D:/AcousticMonitoringData/ELDON2_Data/Week19\ELDON2_20250515_060102.wav
3015.0,3018.0,Geothlypis trichas,Common Yellowthroat,0.1355,D:/AcousticMonitoringData/ELDON2_Data/Week19\ELDON2_20250515_060102.wav
3015.0,3018.0,Melospiza melodia,Song Sparrow,0.0222,D:/AcousticMonitoringData/ELDON2_Data/Week19\ELDON2_20250515_060102.wav
3018.0,3021.0,Geothlypis trichas,Common Yellowthroat,0.0671,D:/AcousticMonitoringData/ELDON2_Data/Week19\ELDON2_20250515_060102.wav
3018.0,3021.0,Melospiza melodia,Song Sparrow,0.0267,D:/AcousticMonitoringData/ELDON2_Data/Week19\ELDON2_20250515_060102.wav
3021.0,3024.0,Geothlypis trichas,Common Yellowthroat,0.0806,D:/AcousticMonitoringData/ELDON2_Data/Week19\ELDON2_20250515_060102.wav
3021.0,3024.0,Melospiza melodia,Song Sparrow,0.0185,D:/AcousticMonitoringData/ELDON2_Data/Week19\ELDON2_20250515_060102.wav
3024.0,3027.0,Geothlypis trichas,Common Yellowthroat,0.0149,D:/AcousticMonitoringData/ELDON2_Data/Week19\ELDON2_20250515_060102.wav
3027.0,3030.0,Geothlypis trichas,Common Yellowthroat,0.0589,D:/AcousticMonitoringData/ELDON2_Data/Week19\ELDON2_20250515_060102.wav
3030.0,3033.0,Geothlypis trichas,Common Yellowthroat,0.2306,D:/AcousticMonitoringData/ELDON2_Data/Week19\ELDON2_20250515_060102.wav
3033.0,3036.0,Geothlypis trichas,Common Yellowthroat,0.0176,D:/AcousticMonitoringData/ELDON2_Data/Week19\ELDON2_20250515_060102.wav
3036.0,3039.0,Geothlypis trichas,Common Yellowthroat,0.0455,D:/AcousticMonitoringData/ELDON2_Data/Week19\ELDON2_20250515_060102.wav
3039.0,3042.0,Geothlypis trichas,Common Yellowthroat,0.2588,D:/AcousticMonitoringData/ELDON2_Data/Week19\ELDON2_20250515_060102.wav
3039.0,3042.0,Melospiza melodia,Song Sparrow,0.0321,D:/AcousticMonitoringData/ELDON2_Data/Week19\ELDON2_20250515_060102.wav
3042.0,3045.0,Geothlypis trichas,Common Yellowthroat,0.0138,D:/AcousticMonitoringData/ELDON2_Data/Week19\ELDON2_20250515_060102.wav
3045.0,3048.0,Geothlypis trichas,Common Yellowthroat,0.0192,D:/AcousticMonitoringData/ELDON2_Data/Week19\ELDON2_20250515_060102.wav
3045.0,3048.0,Sturnella magna,Eastern Meadowlark,0.0122,D:/AcousticMonitoringData/ELDON2_Data/Week19\ELDON2_20250515_060102.wav
3048.0,3051.0,Geothlypis trichas,Common Yellowthroat,0.1987,D:/AcousticMonitoringData/ELDON2_Data/Week19\ELDON2_20250515_060102.wav
3048.0,3051.0,Melospiza melodia,Song Sparrow,0.0176,D:/AcousticMonitoringData/ELDON2_Data/Week19\ELDON2_20250515_060102.wav
3051.0,3054.0,Geothlypis trichas,Common Yellowthroat,0.1329,D:/AcousticMonitoringData/ELDON2_Data/Week19\ELDON2_20250515_060102.wav
3051.0,3054.0,Melospiza melodia,Song Sparrow,0.0423,D:/AcousticMonitoringData/ELDON2_Data/Week19\ELDON2_20250515_060102.wav
3054.0,3057.0,Geothlypis trichas,Common Yellowthroat,0.0614,D:/AcousticMonitoringData/ELDON2_Data/Week19\ELDON2_20250515_060102.wav
3060.0,3063.0,Geothlypis trichas,Common Yellowthroat,0.0885,D:/AcousticMonitoringData/ELDON2_Data/Week19\ELDON2_20250515_060102.wav
3060.0,3063.0,Melospiza melodia,Song Sparrow,0.0114,D:/AcousticMonitoringData/ELDON2_Data/Week19\ELDON2_20250515_060102.wav
3063.0,3066.0,Geothlypis trichas,Common Yellowthroat,0.1202,D:/AcousticMonitoringData/ELDON2_Data/Week19\ELDON2_20250515_060102.wav
3063.0,3066.0,Sturnella magna,Eastern Meadowlark,0.0125,D:/AcousticMonitoringData/ELDON2_Data/Week19\ELDON2_20250515_060102.wav
3066.0,3069.0,Geothlypis trichas,Common Yellowthroat,0.0469,D:/AcousticMonitoringData/ELDON2_Data/Week19\ELDON2_20250515_060102.wav
3066.0,3069.0,Melospiza melodia,Song Sparrow,0.0104,D:/AcousticMonitoringData/ELDON2_Data/Week19\ELDON2_20250515_060102.wav
3069.0,3072.0,Geothlypis trichas,Common Yellowthroat,0.0342,D:/AcousticMonitoringData/ELDON2_Data/Week19\ELDON2_20250515_060102.wav
3069.0,3072.0,Melospiza melodia,Song Sparrow,0.0196,D:/AcousticMonitoringData/ELDON2_Data/Week19\ELDON2_20250515_060102.wav
3072.0,3075.0,Geothlypis trichas,Common Yellowthroat,0.0388,D:/AcousticMonitoringData/ELDON2_Data/Week19\ELDON2_20250515_060102.wav
3075.0,3078.0,Geothlypis trichas,Common Yellowthroat,0.0108,D:/AcousticMonitoringData/ELDON2_Data/Week19\ELDON2_20250515_060102.wav
3081.0,3084.0,Geothlypis trichas,Common Yellowthroat,0.1308,D:/AcousticMonitoringData/ELDON2_Data/Week19\ELDON2_20250515_060102.wav
3081.0,3084.0,Melospiza melodia,Song Sparrow,0.0105,D:/AcousticMonitoringData/ELDON2_Data/Week19\ELDON2_20250515_060102.wav
3084.0,3087.0,Geothlypis trichas,Common Yellowthroat,0.1220,D:/AcousticMonitoringData/ELDON2_Data/Week19\ELDON2_20250515_060102.wav
3084.0,3087.0,Melospiza melodia,Song Sparrow,0.0157,D:/AcousticMonitoringData/ELDON2_Data/Week19\ELDON2_20250515_060102.wav
3087.0,3090.0,Geothlypis trichas,Common Yellowthroat,0.0812,D:/AcousticMonitoringData/ELDON2_Data/Week19\ELDON2_20250515_060102.wav
3087.0,3090.0,Sturnella magna,Eastern Meadowlark,0.0285,D:/AcousticMonitoringData/ELDON2_Data/Week19\ELDON2_20250515_060102.wav
3090.0,3093.0,Geothlypis trichas,Common Yellowthroat,0.0769,D:/AcousticMonitoringData/ELDON2_Data/Week19\ELDON2_20250515_060102.wav
3090.0,3093.0,Sturnella magna,Eastern Meadowlark,0.0684,D:/AcousticMonitoringData/ELDON2_Data/Week19\ELDON2_20250515_060102.wav
3093.0,3096.0,Geothlypis trichas,Common Yellowthroat,0.0247,D:/AcousticMonitoringData/ELDON2_Data/Week19\ELDON2_20250515_060102.wav
3096.0,3099.0,Sturnella magna,Eastern Meadowlark,0.1366,D:/AcousticMonitoringData/ELDON2_Data/Week19\ELDON2_20250515_060102.wav
3096.0,3099.0,Bartramia longicauda,Upland Sandpiper,0.0260,D:/AcousticMonitoringData/ELDON2_Data/Week19\ELDON2_20250515_060102.wav
3096.0,3099.0,Geothlypis trichas,Common Yellowthroat,0.0174,D:/AcousticMonitoringData/ELDON2_Data/Week19\ELDON2_20250515_060102.wav
3099.0,3102.0,Sturnella magna,Eastern Meadowlark,0.0260,D:/AcousticMonitoringData/ELDON2_Data/Week19\ELDON2_20250515_060102.wav
3099.0,3102.0,Geothlypis trichas,Common Yellowthroat,0.0112,D:/AcousticMonitoringData/ELDON2_Data/Week19\ELDON2_20250515_060102.wav
3102.0,3105.0,Geothlypis trichas,Common Yellowthroat,0.0142,D:/AcousticMonitoringData/ELDON2_Data/Week19\ELDON2_20250515_060102.wav
3105.0,3108.0,Sturnella magna,Eastern Meadowlark,0.0121,D:/AcousticMonitoringData/ELDON2_Data/Week19\ELDON2_20250515_060102.wav
3108.0,3111.0,Geothlypis trichas,Common Yellowthroat,0.0544,D:/AcousticMonitoringData/ELDON2_Data/Week19\ELDON2_20250515_060102.wav
3111.0,3114.0,Geothlypis trichas,Common Yellowthroat,0.0143,D:/AcousticMonitoringData/ELDON2_Data/Week19\ELDON2_20250515_060102.wav
3114.0,3117.0,Sturnella magna,Eastern Meadowlark,0.0470,D:/AcousticMonitoringData/ELDON2_Data/Week19\ELDON2_20250515_060102.wav
3114.0,3117.0,Geothlypis trichas,Common Yellowthroat,0.0381,D:/AcousticMonitoringData/ELDON2_Data/Week19\ELDON2_20250515_060102.wav
3117.0,3120.0,Geothlypis trichas,Common Yellowthroat,0.0347,D:/AcousticMonitoringData/ELDON2_Data/Week19\ELDON2_20250515_060102.wav
3120.0,3123.0,Geothlypis trichas,Common Yellowthroat,0.0211,D:/AcousticMonitoringData/ELDON2_Data/Week19\ELDON2_20250515_060102.wav
3123.0,3126.0,Geothlypis trichas,Common Yellowthroat,0.2374,D:/AcousticMonitoringData/ELDON2_Data/Week19\ELDON2_20250515_060102.wav
3126.0,3129.0,Geothlypis trichas,Common Yellowthroat,0.0829,D:/AcousticMonitoringData/ELDON2_Data/Week19\ELDON2_20250515_060102.wav
3129.0,3132.0,Geothlypis trichas,Common Yellowthroat,0.1062,D:/AcousticMonitoringData/ELDON2_Data/Week19\ELDON2_20250515_060102.wav
3129.0,3132.0,Melospiza melodia,Song Sparrow,0.0115,D:/AcousticMonitoringData/ELDON2_Data/Week19\ELDON2_20250515_060102.wav
3132.0,3135.0,Sturnella magna,Eastern Meadowlark,0.0696,D:/AcousticMonitoringData/ELDON2_Data/Week19\ELDON2_20250515_060102.wav
3132.0,3135.0,Geothlypis trichas,Common Yellowthroat,0.0260,D:/AcousticMonitoringData/ELDON2_Data/Week19\ELDON2_20250515_060102.wav
3132.0,3135.0,Melospiza melodia,Song Sparrow,0.0113,D:/AcousticMonitoringData/ELDON2_Data/Week19\ELDON2_20250515_060102.wav
3135.0,3138.0,Melospiza melodia,Song Sparrow,0.0517,D:/AcousticMonitoringData/ELDON2_Data/Week19\ELDON2_20250515_060102.wav
3135.0,3138.0,Geothlypis trichas,Common Yellowthroat,0.0501,D:/AcousticMonitoringData/ELDON2_Data/Week19\ELDON2_20250515_060102.wav
3138.0,3141.0,Geothlypis trichas,Common Yellowthroat,0.0815,D:/AcousticMonitoringData/ELDON2_Data/Week19\ELDON2_20250515_060102.wav
3138.0,3141.0,Melospiza melodia,Song Sparrow,0.0229,D:/AcousticMonitoringData/ELDON2_Data/Week19\ELDON2_20250515_060102.wav
3141.0,3144.0,Geothlypis trichas,Common Yellowthroat,0.1232,D:/AcousticMonitoringData/ELDON2_Data/Week19\ELDON2_20250515_060102.wav
3141.0,3144.0,Melospiza melodia,Song Sparrow,0.0126,D:/AcousticMonitoringData/ELDON2_Data/Week19\ELDON2_20250515_060102.wav
3144.0,3147.0,Geothlypis trichas,Common Yellowthroat,0.0606,D:/AcousticMonitoringData/ELDON2_Data/Week19\ELDON2_20250515_060102.wav
3147.0,3150.0,Geothlypis trichas,Common Yellowthroat,0.0495,D:/AcousticMonitoringData/ELDON2_Data/Week19\ELDON2_20250515_060102.wav
3147.0,3150.0,Sturnella magna,Eastern Meadowlark,0.0103,D:/AcousticMonitoringData/ELDON2_Data/Week19\ELDON2_20250515_060102.wav
3150.0,3153.0,Geothlypis trichas,Common Yellowthroat,0.1622,D:/AcousticMonitoringData/ELDON2_Data/Week19\ELDON2_20250515_060102.wav
3150.0,3153.0,Melospiza melodia,Song Sparrow,0.0149,D:/AcousticMonitoringData/ELDON2_Data/Week19\ELDON2_20250515_060102.wav
3153.0,3156.0,Sturnella magna,Eastern Meadowlark,0.0805,D:/AcousticMonitoringData/ELDON2_Data/Week19\ELDON2_20250515_060102.wav
3153.0,3156.0,Geothlypis trichas,Common Yellowthroat,0.0485,D:/AcousticMonitoringData/ELDON2_Data/Week19\ELDON2_20250515_060102.wav
3156.0,3159.0,Geothlypis trichas,Common Yellowthroat,0.0872,D:/AcousticMonitoringData/ELDON2_Data/Week19\ELDON2_20250515_060102.wav
3159.0,3162.0,Geothlypis trichas,Common Yellowthroat,0.1128,D:/AcousticMonitoringData/ELDON2_Data/Week19\ELDON2_20250515_060102.wav
3159.0,3162.0,Sturnella magna,Eastern Meadowlark,0.0457,D:/AcousticMonitoringData/ELDON2_Data/Week19\ELDON2_20250515_060102.wav
3162.0,3165.0,Geothlypis trichas,Common Yellowthroat,0.3722,D:/AcousticMonitoringData/ELDON2_Data/Week19\ELDON2_20250515_060102.wav
3162.0,3165.0,Melospiza melodia,Song Sparrow,0.0156,D:/AcousticMonitoringData/ELDON2_Data/Week19\ELDON2_20250515_060102.wav
3165.0,3168.0,Geothlypis trichas,Common Yellowthroat,0.0828,D:/AcousticMonitoringData/ELDON2_Data/Week19\ELDON2_20250515_060102.wav
3168.0,3171.0,Geothlypis trichas,Common Yellowthroat,0.0317,D:/AcousticMonitoringData/ELDON2_Data/Week19\ELDON2_20250515_060102.wav
3171.0,3174.0,Geothlypis trichas,Common Yellowthroat,0.0765,D:/AcousticMonitoringData/ELDON2_Data/Week19\ELDON2_20250515_060102.wav
3174.0,3177.0,Geothlypis trichas,Common Yellowthroat,0.1700,D:/AcousticMonitoringData/ELDON2_Data/Week19\ELDON2_20250515_060102.wav
3177.0,3180.0,Geothlypis trichas,Common Yellowthroat,0.0347,D:/AcousticMonitoringData/ELDON2_Data/Week19\ELDON2_20250515_060102.wav
3177.0,3180.0,Sturnella magna,Eastern Meadowlark,0.0125,D:/AcousticMonitoringData/ELDON2_Data/Week19\ELDON2_20250515_060102.wav
3180.0,3183.0,Sturnella magna,Eastern Meadowlark,0.1177,D:/AcousticMonitoringData/ELDON2_Data/Week19\ELDON2_20250515_060102.wav
3180.0,3183.0,Geothlypis trichas,Common Yellowthroat,0.0522,D:/AcousticMonitoringData/ELDON2_Data/Week19\ELDON2_20250515_060102.wav
3183.0,3186.0,Geothlypis trichas,Common Yellowthroat,0.1085,D:/AcousticMonitoringData/ELDON2_Data/Week19\ELDON2_20250515_060102.wav
3183.0,3186.0,Melospiza melodia,Song Sparrow,0.0175,D:/AcousticMonitoringData/ELDON2_Data/Week19\ELDON2_20250515_060102.wav
3186.0,3189.0,Geothlypis trichas,Common Yellowthroat,0.1085,D:/AcousticMonitoringData/ELDON2_Data/Week19\ELDON2_20250515_060102.wav
3186.0,3189.0,Melospiza melodia,Song Sparrow,0.0167,D:/AcousticMonitoringData/ELDON2_Data/Week19\ELDON2_20250515_060102.wav
3189.0,3192.0,Geothlypis trichas,Common Yellowthroat,0.0827,D:/AcousticMonitoringData/ELDON2_Data/Week19\ELDON2_20250515_060102.wav
3189.0,3192.0,Melospiza melodia,Song Sparrow,0.0207,D:/AcousticMonitoringData/ELDON2_Data/Week19\ELDON2_20250515_060102.wav
3192.0,3195.0,Geothlypis trichas,Common Yellowthroat,0.0121,D:/AcousticMonitoringData/ELDON2_Data/Week19\ELDON2_20250515_060102.wav
3195.0,3198.0,Geothlypis trichas,Common Yellowthroat,0.0766,D:/AcousticMonitoringData/ELDON2_Data/Week19\ELDON2_20250515_060102.wav
3198.0,3201.0,Geothlypis trichas,Common Yellowthroat,0.0226,D:/AcousticMonitoringData/ELDON2_Data/Week19\ELDON2_20250515_060102.wav
3201.0,3204.0,Geothlypis trichas,Common Yellowthroat,0.0366,D:/AcousticMonitoringData/ELDON2_Data/Week19\ELDON2_20250515_060102.wav
3207.0,3210.0,Geothlypis trichas,Common Yellowthroat,0.0177,D:/AcousticMonitoringData/ELDON2_Data/Week19\ELDON2_20250515_060102.wav
3213.0,3216.0,Geothlypis trichas,Common Yellowthroat,0.0213,D:/AcousticMonitoringData/ELDON2_Data/Week19\ELDON2_20250515_060102.wav
3219.0,3222.0,Sturnella magna,Eastern Meadowlark,0.2518,D:/AcousticMonitoringData/ELDON2_Data/Week19\ELDON2_20250515_060102.wav
3222.0,3225.0,Sturnella magna,Eastern Meadowlark,0.0600,D:/AcousticMonitoringData/ELDON2_Data/Week19\ELDON2_20250515_060102.wav
3225.0,3228.0,Sturnella magna,Eastern Meadowlark,0.6637,D:/AcousticMonitoringData/ELDON2_Data/Week19\ELDON2_20250515_060102.wav
3228.0,3231.0,Sturnella magna,Eastern Meadowlark,0.3379,D:/AcousticMonitoringData/ELDON2_Data/Week19\ELDON2_20250515_060102.wav
3228.0,3231.0,Bartramia longicauda,Upland Sandpiper,0.0519,D:/AcousticMonitoringData/ELDON2_Data/Week19\ELDON2_20250515_060102.wav
3237.0,3240.0,Sturnella magna,Eastern Meadowlark,0.7799,D:/AcousticMonitoringData/ELDON2_Data/Week19\ELDON2_20250515_060102.wav
3240.0,3243.0,Sturnella magna,Eastern Meadowlark,0.0219,D:/AcousticMonitoringData/ELDON2_Data/Week19\ELDON2_20250515_060102.wav
3240.0,3243.0,Geothlypis trichas,Common Yellowthroat,0.0157,D:/AcousticMonitoringData/ELDON2_Data/Week19\ELDON2_20250515_060102.wav
3243.0,3246.0,Geothlypis trichas,Common Yellowthroat,0.0143,D:/AcousticMonitoringData/ELDON2_Data/Week19\ELDON2_20250515_060102.wav
3249.0,3252.0,Sturnella magna,Eastern Meadowlark,0.2595,D:/AcousticMonitoringData/ELDON2_Data/Week19\ELDON2_20250515_060102.wav
3249.0,3252.0,Bartramia longicauda,Upland Sandpiper,0.0855,D:/AcousticMonitoringData/ELDON2_Data/Week19\ELDON2_20250515_060102.wav
3264.0,3267.0,Sturnella magna,Eastern Meadowlark,0.1431,D:/AcousticMonitoringData/ELDON2_Data/Week19\ELDON2_20250515_060102.wav
3267.0,3270.0,Geothlypis trichas,Common Yellowthroat,0.0114,D:/AcousticMonitoringData/ELDON2_Data/Week19\ELDON2_20250515_060102.wav
3270.0,3273.0,Geothlypis trichas,Common Yellowthroat,0.0236,D:/AcousticMonitoringData/ELDON2_Data/Week19\ELDON2_20250515_060102.wav
3279.0,3282.0,Geothlypis trichas,Common Yellowthroat,0.0124,D:/AcousticMonitoringData/ELDON2_Data/Week19\ELDON2_20250515_060102.wav
3282.0,3285.0,Geothlypis trichas,Common Yellowthroat,0.0202,D:/AcousticMonitoringData/ELDON2_Data/Week19\ELDON2_20250515_060102.wav
3288.0,3291.0,Geothlypis trichas,Common Yellowthroat,0.0156,D:/AcousticMonitoringData/ELDON2_Data/Week19\ELDON2_20250515_060102.wav
3291.0,3294.0,Sturnella magna,Eastern Meadowlark,0.0235,D:/AcousticMonitoringData/ELDON2_Data/Week19\ELDON2_20250515_060102.wav
3294.0,3297.0,Geothlypis trichas,Common Yellowthroat,0.0192,D:/AcousticMonitoringData/ELDON2_Data/Week19\ELDON2_20250515_060102.wav
3297.0,3300.0,Geothlypis trichas,Common Yellowthroat,0.0486,D:/AcousticMonitoringData/ELDON2_Data/Week19\ELDON2_20250515_060102.wav
3297.0,3300.0,Sturnella magna,Eastern Meadowlark,0.0291,D:/AcousticMonitoringData/ELDON2_Data/Week19\ELDON2_20250515_060102.wav
3303.0,3306.0,Geothlypis trichas,Common Yellowthroat,0.0465,D:/AcousticMonitoringData/ELDON2_Data/Week19\ELDON2_20250515_060102.wav
3309.0,3312.0,Sturnella magna,Eastern Meadowlark,0.3600,D:/AcousticMonitoringData/ELDON2_Data/Week19\ELDON2_20250515_060102.wav
3309.0,3312.0,Bartramia longicauda,Upland Sandpiper,0.0174,D:/AcousticMonitoringData/ELDON2_Data/Week19\ELDON2_20250515_060102.wav
3315.0,3318.0,Sturnella magna,Eastern Meadowlark,0.0303,D:/AcousticMonitoringData/ELDON2_Data/Week19\ELDON2_20250515_060102.wav
3315.0,3318.0,Geothlypis trichas,Common Yellowthroat,0.0273,D:/AcousticMonitoringData/ELDON2_Data/Week19\ELDON2_20250515_060102.wav
3324.0,3327.0,Sturnella magna,Eastern Meadowlark,0.2067,D:/AcousticMonitoringData/ELDON2_Data/Week19\ELDON2_20250515_060102.wav
3327.0,3330.0,Geothlypis trichas,Common Yellowthroat,0.0261,D:/AcousticMonitoringData/ELDON2_Data/Week19\ELDON2_20250515_060102.wav
3330.0,3333.0,Geothlypis trichas,Common Yellowthroat,0.0661,D:/AcousticMonitoringData/ELDON2_Data/Week19\ELDON2_20250515_060102.wav
3333.0,3336.0,Geothlypis trichas,Common Yellowthroat,0.0441,D:/AcousticMonitoringData/ELDON2_Data/Week19\ELDON2_20250515_060102.wav
3345.0,3348.0,Geothlypis trichas,Common Yellowthroat,0.1661,D:/AcousticMonitoringData/ELDON2_Data/Week19\ELDON2_20250515_060102.wav
3345.0,3348.0,Melospiza melodia,Song Sparrow,0.0120,D:/AcousticMonitoringData/ELDON2_Data/Week19\ELDON2_20250515_060102.wav
3348.0,3351.0,Geothlypis trichas,Common Yellowthroat,0.0745,D:/AcousticMonitoringData/ELDON2_Data/Week19\ELDON2_20250515_060102.wav
3351.0,3354.0,Geothlypis trichas,Common Yellowthroat,0.0474,D:/AcousticMonitoringData/ELDON2_Data/Week19\ELDON2_20250515_060102.wav
3354.0,3357.0,Geothlypis trichas,Common Yellowthroat,0.1410,D:/AcousticMonitoringData/ELDON2_Data/Week19\ELDON2_20250515_060102.wav
3354.0,3357.0,Melospiza melodia,Song Sparrow,0.0253,D:/AcousticMonitoringData/ELDON2_Data/Week19\ELDON2_20250515_060102.wav
3357.0,3360.0,Geothlypis trichas,Common Yellowthroat,0.0468,D:/AcousticMonitoringData/ELDON2_Data/Week19\ELDON2_20250515_060102.wav
3360.0,3363.0,Geothlypis trichas,Common Yellowthroat,0.0373,D:/AcousticMonitoringData/ELDON2_Data/Week19\ELDON2_20250515_060102.wav
3366.0,3369.0,Geothlypis trichas,Common Yellowthroat,0.2291,D:/AcousticMonitoringData/ELDON2_Data/Week19\ELDON2_20250515_060102.wav
3366.0,3369.0,Sturnella magna,Eastern Meadowlark,0.0704,D:/AcousticMonitoringData/ELDON2_Data/Week19\ELDON2_20250515_060102.wav
3369.0,3372.0,Geothlypis trichas,Common Yellowthroat,0.1212,D:/AcousticMonitoringData/ELDON2_Data/Week19\ELDON2_20250515_060102.wav
3372.0,3375.0,Geothlypis trichas,Common Yellowthroat,0.1229,D:/AcousticMonitoringData/ELDON2_Data/Week19\ELDON2_20250515_060102.wav
3378.0,3381.0,Sturnella magna,Eastern Meadowlark,0.0304,D:/AcousticMonitoringData/ELDON2_Data/Week19\ELDON2_20250515_060102.wav
3378.0,3381.0,Geothlypis trichas,Common Yellowthroat,0.0160,D:/AcousticMonitoringData/ELDON2_Data/Week19\ELDON2_20250515_060102.wav
3381.0,3384.0,Bartramia longicauda,Upland Sandpiper,0.0467,D:/AcousticMonitoringData/ELDON2_Data/Week19\ELDON2_20250515_060102.wav
3381.0,3384.0,Geothlypis trichas,Common Yellowthroat,0.0152,D:/AcousticMonitoringData/ELDON2_Data/Week19\ELDON2_20250515_060102.wav
3390.0,3393.0,Sturnella magna,Eastern Meadowlark,0.0259,D:/AcousticMonitoringData/ELDON2_Data/Week19\ELDON2_20250515_060102.wav
3390.0,3393.0,Bartramia longicauda,Upland Sandpiper,0.0103,D:/AcousticMonitoringData/ELDON2_Data/Week19\ELDON2_20250515_060102.wav
3393.0,3396.0,Sturnella magna,Eastern Meadowlark,0.1933,D:/AcousticMonitoringData/ELDON2_Data/Week19\ELDON2_20250515_060102.wav
3393.0,3396.0,Bartramia longicauda,Upland Sandpiper,0.0320,D:/AcousticMonitoringData/ELDON2_Data/Week19\ELDON2_20250515_060102.wav
3399.0,3402.0,Sturnella magna,Eastern Meadowlark,0.0618,D:/AcousticMonitoringData/ELDON2_Data/Week19\ELDON2_20250515_060102.wav
3399.0,3402.0,Melospiza melodia,Song Sparrow,0.0146,D:/AcousticMonitoringData/ELDON2_Data/Week19\ELDON2_20250515_060102.wav
3399.0,3402.0,Geothlypis trichas,Common Yellowthroat,0.0112,D:/AcousticMonitoringData/ELDON2_Data/Week19\ELDON2_20250515_060102.wav
3402.0,3405.0,Sturnella magna,Eastern Meadowlark,0.0868,D:/AcousticMonitoringData/ELDON2_Data/Week19\ELDON2_20250515_060102.wav
3405.0,3408.0,Geothlypis trichas,Common Yellowthroat,0.0125,D:/AcousticMonitoringData/ELDON2_Data/Week19\ELDON2_20250515_060102.wav
3408.0,3411.0,Sturnella magna,Eastern Meadowlark,0.0893,D:/AcousticMonitoringData/ELDON2_Data/Week19\ELDON2_20250515_060102.wav
3408.0,3411.0,Geothlypis trichas,Common Yellowthroat,0.0203,D:/AcousticMonitoringData/ELDON2_Data/Week19\ELDON2_20250515_060102.wav
3411.0,3414.0,Geothlypis trichas,Common Yellowthroat,0.1464,D:/AcousticMonitoringData/ELDON2_Data/Week19\ELDON2_20250515_060102.wav
3411.0,3414.0,Melospiza melodia,Song Sparrow,0.0117,D:/AcousticMonitoringData/ELDON2_Data/Week19\ELDON2_20250515_060102.wav
3426.0,3429.0,Geothlypis trichas,Common Yellowthroat,0.0250,D:/AcousticMonitoringData/ELDON2_Data/Week19\ELDON2_20250515_060102.wav
3426.0,3429.0,Sturnella magna,Eastern Meadowlark,0.0195,D:/AcousticMonitoringData/ELDON2_Data/Week19\ELDON2_20250515_060102.wav
3426.0,3429.0,Bartramia longicauda,Upland Sandpiper,0.0119,D:/AcousticMonitoringData/ELDON2_Data/Week19\ELDON2_20250515_060102.wav
3429.0,3432.0,Sturnella magna,Eastern Meadowlark,0.2104,D:/AcousticMonitoringData/ELDON2_Data/Week19\ELDON2_20250515_060102.wav
3429.0,3432.0,Eremophila alpestris,Horned Lark,0.0156,D:/AcousticMonitoringData/ELDON2_Data/Week19\ELDON2_20250515_060102.wav
3429.0,3432.0,Bartramia longicauda,Upland Sandpiper,0.0142,D:/AcousticMonitoringData/ELDON2_Data/Week19\ELDON2_20250515_060102.wav
3429.0,3432.0,Geothlypis trichas,Common Yellowthroat,0.0100,D:/AcousticMonitoringData/ELDON2_Data/Week19\ELDON2_20250515_060102.wav
3435.0,3438.0,Geothlypis trichas,Common Yellowthroat,0.0131,D:/AcousticMonitoringData/ELDON2_Data/Week19\ELDON2_20250515_060102.wav
3441.0,3444.0,Geothlypis trichas,Common Yellowthroat,0.0277,D:/AcousticMonitoringData/ELDON2_Data/Week19\ELDON2_20250515_060102.wav
3444.0,3447.0,Sturnella magna,Eastern Meadowlark,0.0314,D:/AcousticMonitoringData/ELDON2_Data/Week19\ELDON2_20250515_060102.wav
3447.0,3450.0,Geothlypis trichas,Common Yellowthroat,0.1543,D:/AcousticMonitoringData/ELDON2_Data/Week19\ELDON2_20250515_060102.wav
3450.0,3453.0,Geothlypis trichas,Common Yellowthroat,0.2247,D:/AcousticMonitoringData/ELDON2_Data/Week19\ELDON2_20250515_060102.wav
3450.0,3453.0,Melospiza melodia,Song Sparrow,0.0278,D:/AcousticMonitoringData/ELDON2_Data/Week19\ELDON2_20250515_060102.wav
3453.0,3456.0,Geothlypis trichas,Common Yellowthroat,0.0670,D:/AcousticMonitoringData/ELDON2_Data/Week19\ELDON2_20250515_060102.wav
3453.0,3456.0,Sturnella magna,Eastern Meadowlark,0.0669,D:/AcousticMonitoringData/ELDON2_Data/Week19\ELDON2_20250515_060102.wav
3453.0,3456.0,Melospiza melodia,Song Sparrow,0.0136,D:/AcousticMonitoringData/ELDON2_Data/Week19\ELDON2_20250515_060102.wav
3456.0,3459.0,Geothlypis trichas,Common Yellowthroat,0.0606,D:/AcousticMonitoringData/ELDON2_Data/Week19\ELDON2_20250515_060102.wav
3456.0,3459.0,Melospiza melodia,Song Sparrow,0.0141,D:/AcousticMonitoringData/ELDON2_Data/Week19\ELDON2_20250515_060102.wav
3459.0,3462.0,Geothlypis trichas,Common Yellowthroat,0.0386,D:/AcousticMonitoringData/ELDON2_Data/Week19\ELDON2_20250515_060102.wav
3462.0,3465.0,Geothlypis trichas,Common Yellowthroat,0.0173,D:/AcousticMonitoringData/ELDON2_Data/Week19\ELDON2_20250515_060102.wav
3465.0,3468.0,Geothlypis trichas,Common Yellowthroat,0.0155,D:/AcousticMonitoringData/ELDON2_Data/Week19\ELDON2_20250515_060102.wav
3468.0,3471.0,Geothlypis trichas,Common Yellowthroat,0.1411,D:/AcousticMonitoringData/ELDON2_Data/Week19\ELDON2_20250515_060102.wav
3471.0,3474.0,Geothlypis trichas,Common Yellowthroat,0.0431,D:/AcousticMonitoringData/ELDON2_Data/Week19\ELDON2_20250515_060102.wav
3477.0,3480.0,Geothlypis trichas,Common Yellowthroat,0.0242,D:/AcousticMonitoringData/ELDON2_Data/Week19\ELDON2_20250515_060102.wav
3477.0,3480.0,Sturnella magna,Eastern Meadowlark,0.0114,D:/AcousticMonitoringData/ELDON2_Data/Week19\ELDON2_20250515_060102.wav
3480.0,3483.0,Geothlypis trichas,Common Yellowthroat,0.0315,D:/AcousticMonitoringData/ELDON2_Data/Week19\ELDON2_20250515_060102.wav
3486.0,3489.0,Geothlypis trichas,Common Yellowthroat,0.0369,D:/AcousticMonitoringData/ELDON2_Data/Week19\ELDON2_20250515_060102.wav
3489.0,3492.0,Geothlypis trichas,Common Yellowthroat,0.0279,D:/AcousticMonitoringData/ELDON2_Data/Week19\ELDON2_20250515_060102.wav
3495.0,3498.0,Geothlypis trichas,Common Yellowthroat,0.1416,D:/AcousticMonitoringData/ELDON2_Data/Week19\ELDON2_20250515_060102.wav
3498.0,3501.0,Geothlypis trichas,Common Yellowthroat,0.2323,D:/AcousticMonitoringData/ELDON2_Data/Week19\ELDON2_20250515_060102.wav
3501.0,3504.0,Geothlypis trichas,Common Yellowthroat,0.0638,D:/AcousticMonitoringData/ELDON2_Data/Week19\ELDON2_20250515_060102.wav
3501.0,3504.0,Melospiza melodia,Song Sparrow,0.0158,D:/AcousticMonitoringData/ELDON2_Data/Week19\ELDON2_20250515_060102.wav
3504.0,3507.0,Geothlypis trichas,Common Yellowthroat,0.1086,D:/AcousticMonitoringData/ELDON2_Data/Week19\ELDON2_20250515_060102.wav
3507.0,3510.0,Geothlypis trichas,Common Yellowthroat,0.1255,D:/AcousticMonitoringData/ELDON2_Data/Week19\ELDON2_20250515_060102.wav
3507.0,3510.0,Sturnella magna,Eastern Meadowlark,0.0153,D:/AcousticMonitoringData/ELDON2_Data/Week19\ELDON2_20250515_060102.wav
3507.0,3510.0,Spizella pusilla,Field Sparrow,0.0110,D:/AcousticMonitoringData/ELDON2_Data/Week19\ELDON2_20250515_060102.wav
3507.0,3510.0,Melospiza melodia,Song Sparrow,0.0101,D:/AcousticMonitoringData/ELDON2_Data/Week19\ELDON2_20250515_060102.wav
3510.0,3513.0,Geothlypis trichas,Common Yellowthroat,0.0768,D:/AcousticMonitoringData/ELDON2_Data/Week19\ELDON2_20250515_060102.wav
3510.0,3513.0,Melospiza melodia,Song Sparrow,0.0149,D:/AcousticMonitoringData/ELDON2_Data/Week19\ELDON2_20250515_060102.wav
3513.0,3516.0,Geothlypis trichas,Common Yellowthroat,0.1727,D:/AcousticMonitoringData/ELDON2_Data/Week19\ELDON2_20250515_060102.wav
3516.0,3519.0,Geothlypis trichas,Common Yellowthroat,0.0196,D:/AcousticMonitoringData/ELDON2_Data/Week19\ELDON2_20250515_060102.wav
3519.0,3522.0,Geothlypis trichas,Common Yellowthroat,0.1049,D:/AcousticMonitoringData/ELDON2_Data/Week19\ELDON2_20250515_060102.wav
3522.0,3525.0,Geothlypis trichas,Common Yellowthroat,0.0713,D:/AcousticMonitoringData/ELDON2_Data/Week19\ELDON2_20250515_060102.wav
3525.0,3528.0,Geothlypis trichas,Common Yellowthroat,0.1535,D:/AcousticMonitoringData/ELDON2_Data/Week19\ELDON2_20250515_060102.wav
3525.0,3528.0,Sturnella magna,Eastern Meadowlark,0.0155,D:/AcousticMonitoringData/ELDON2_Data/Week19\ELDON2_20250515_060102.wav
3528.0,3531.0,Geothlypis trichas,Common Yellowthroat,0.1544,D:/AcousticMonitoringData/ELDON2_Data/Week19\ELDON2_20250515_060102.wav
3531.0,3534.0,Geothlypis trichas,Common Yellowthroat,0.0124,D:/AcousticMonitoringData/ELDON2_Data/Week19\ELDON2_20250515_060102.wav
3534.0,3537.0,Geothlypis trichas,Common Yellowthroat,0.0102,D:/AcousticMonitoringData/ELDON2_Data/Week19\ELDON2_20250515_060102.wav
3540.0,3543.0,Geothlypis trichas,Common Yellowthroat,0.0116,D:/AcousticMonitoringData/ELDON2_Data/Week19\ELDON2_20250515_060102.wav
3543.0,3546.0,Geothlypis trichas,Common Yellowthroat,0.0721,D:/AcousticMonitoringData/ELDON2_Data/Week19\ELDON2_20250515_060102.wav
3552.0,3555.0,Geothlypis trichas,Common Yellowthroat,0.0358,D:/AcousticMonitoringData/ELDON2_Data/Week19\ELDON2_20250515_060102.wav
3555.0,3558.0,Geothlypis trichas,Common Yellowthroat,0.0358,D:/AcousticMonitoringData/ELDON2_Data/Week19\ELDON2_20250515_060102.wav
3558.0,3561.0,Geothlypis trichas,Common Yellowthroat,0.0103,D:/AcousticMonitoringData/ELDON2_Data/Week19\ELDON2_20250515_060102.wav
3564.0,3567.0,Geothlypis trichas,Common Yellowthroat,0.0179,D:/AcousticMonitoringData/ELDON2_Data/Week19\ELDON2_20250515_060102.wav
3567.0,3570.0,Geothlypis trichas,Common Yellowthroat,0.0104,D:/AcousticMonitoringData/ELDON2_Data/Week19\ELDON2_20250515_060102.wav
3588.0,3591.0,Geothlypis trichas,Common Yellowthroat,0.0144,D:/AcousticMonitoringData/ELDON2_Data/Week19\ELDON2_20250515_060102.wav
3591.0,3594.0,Geothlypis trichas,Common Yellowthroat,0.0148,D:/AcousticMonitoringData/ELDON2_Data/Week19\ELDON2_20250515_060102.wav
3597.0,3600.0,Geothlypis trichas,Common Yellowthroat,0.0137,D:/AcousticMonitoringData/ELDON2_Data/Week19\ELDON2_20250515_060102.wav
